-0.9718827
-0.96990766
-0.97419269
-0.97896128
-0.97216489
-0.9797848
-0.98717938
-0.9493857
-0.94527718
-0.97220595
-0.97505963
-0.99866458
-0.97176935
-0.96873803
-0.96867308
-0.98873232
-0.97613541
-0.96905873
-0.9961052
-0.96306389
-0.99753031
-0.97290747
-0.98788846
-0.97378749
-0.9798675
-0.98719583
-0.97419269
-0.97741013
-0.96682048
-0.98824669
-0.96326179
-0.9732409
-0.96933811
-0.97336113
-0.97229075
-0.96482299
-0.89462278
-0.97577516
-0.9209826
-0.99985134
-0.97594888
-0.96979367
-0.97369931
-0.97788112
-0.97868745
-0.97276945
-0.98705008
-0.97498234
-0.97509365
-0.97296812
-0.95728972
-0.97205994
-0.97043141
-0.97741269
-0.97505963
-0.94451688
-0.96604935
-0.96665388
-0.97897234
-0.97381224
-0.97765495
-0.96899842
-0.97129871
-0.97505963
-0.9556736
-0.97055295
-0.97186496
-0.97494253
-0.98868433
-0.96801276
-0.97419269
-0.97257103
-0.97505963
-0.97419269
-0.97367268
-0.97132992
-0.96949589
-0.98114568
-0.97980913
-0.95321119
-0.9696124
-0.97656789
-0.96733582
-0.97417585
-0.94901789
-0.97522599
-0.97505963
-0.97366353
-0.97001588
-0.98719583
-0.97404005
-0.97133337
-0.97271145
-0.97248787
-0.97497994
-0.94901789
-0.94901789
-0.97519206
-0.97213052
-0.97652507
-0.99311207
-0.97419269
-0.9752505
-0.9318561
-0.9843706
-0.97471467
-0.97182742
-0.96716427
-0.94887485
-0.96961889
-0.97058512
-0.94901789
-0.97443243
-0.97050951
-0.97251792
-0.97174737
-0.97063519
-0.97016756
-0.97022959
-0.97601435
-0.97058512
-0.95508398
-0.97652507
-0.9755409
-0.97112593
-0.96762801
-0.98376047
-0.97425881
-0.96903874
-0.97039534
-0.9743529
-0.97412426
-0.96879855
-0.94738259
-0.97631254
-0.98197879
-0.96505945
-0.97144092
-0.97929735
-0.97246099
-0.94614448
-0.98520817
-0.96731109
-0.92780088
-0.96086528
-0.96971941
-0.97237719
-0.97133306
-0.97040713
-0.96584443
-0.97286744
-0.98724078
-0.96866093
-0.97461085
-0.93978321
-0.96890578
-0.97505963
-0.97461085
-0.98090588
-0.97058316
-0.97263236
-0.97179813
-0.97216225
-0.98520444
-0.97043142
-0.94901789
-0.97558829
-0.96056861
-0.9445327
-0.96924698
-0.97055241
-0.97039253
-0.95003822
-0.97505963
-0.97206887
-0.97543793
-0.97170895
-0.97505963
-0.98266644
-0.97259152
-0.97089451
-0.98238674
-0.97152665
-0.97166618
-0.97327152
-0.97382569
-0.97009594
-0.96419341
-0.96899233
-0.96240898
-0.9661227
-0.95606597
-0.97097886
-0.97058512
-0.99041425
-0.96424487
-0.9755248
-0.97029506
-0.97419269
-0.97505963
-0.9721877
-0.96451722
-0.98430011
-0.95631511
-0.97419269
-0.97089818
-0.97227129
-0.97358305
-0.9782608
-0.97001785
-0.96667907
-0.97505963
-0.94901789
-0.97102699
-0.97376027
-0.9811726
-0.94901789
-0.97413879
-0.97459366
-0.97092916
-0.98546251
-0.97541037
-0.97137982
-0.97367925
-0.9623426
-0.98047186
-0.97419269
-0.96596721
-0.98074443
-0.96534816
-0.96419716
-0.97529776
-0.97026718
-0.97693859
-0.97333067
-0.97307312
-0.97251792
-0.97055295
-0.96034244
-0.96603585
-0.97472066
-0.97576029
-0.33976486
-0.97188135
-0.97090204
-0.97433255
-0.97231817
-0.97419269
-0.97651059
-0.97754816
-0.97363232
-0.97505963
-0.97266325
-0.96079021
-0.96918796
-0.978696
-0.96419638
-0.97360141
-0.9725841
-0.97459366
-0.96867308
-0.96400472
-0.96886196
-0.97393345
-0.96158201
-0.98687901
-0.97097211
-0.97426419
-0.96978414
-0.97340958
-0.97429412
-0.97238199
-0.96506572
-0.97308324
-0.9689271
-0.98527488
-0.96065697
-0.96645975
-0.98385707
-0.97712393
-0.95753463
-1.0001864
-0.9718992
-0.97246283
-0.97308324
-0.97501321
-0.97422108
-0.97262369
-0.9714388
-0.97233086
-0.97421587
-0.97128458
-0.97780123
-0.9794648
-0.98054452
-0.98644904
-0.97322737
-0.97424032
-0.99955168
-0.96850395
-0.97373227
-0.97128458
-0.970253
-0.97252029
-0.95550728
-0.97316658
-0.97367268
-0.97176904
-0.95898833
-0.9775671
-0.97233845
-0.97150389
-0.97620863
-0.97077563
-0.96946415
-0.97471804
-0.97248425
-0.97091289
-0.971345
-0.97118256
-0.94901789
-0.96840526
-0.96882554
-0.97177118
-0.97419269
-0.95070606
-0.97133247
-0.985594
-0.96789515
-0.97446251
-0.97682997
-0.98004662
-0.97552045
-0.9834935
-0.97050148
-0.97055295
-0.98665948
-0.98455252
-0.97029506
-0.97181767
-0.96878716
-0.97554511
-0.98440543
-0.9706225
-0.97508035
-0.98386187
-0.97043141
-0.97752471
-0.97128458
-0.97333269
-0.97419269
-0.97374545
-0.97419269
-0.97424389
-0.97337191
-0.98130992
-0.97900945
-0.96860161
-0.97237719
-0.97263986
-0.97419269
-0.97541037
-0.97424032
-0.97675987
-0.97445485
-0.68233178
-0.97824873
-0.97588507
-0.97572052
-0.97207883
-0.96827115
-0.9791163
-1.0325858
-0.97241807
-0.98361598
-0.96995899
-0.97902311
-0.97068946
-0.9821265
-0.9729448
-0.97269435
-0.97419269
-0.96626529
-0.96923915
-0.96890578
-0.97025759
-0.97158567
-0.97277116
-0.96465233
-0.98013904
-0.98940965
-0.96978414
-0.97463208
-0.96727566
-0.97676607
-0.97468172
-0.96951433
-0.96651484
-0.97180819
-0.97505963
-0.95936721
-0.96831613
-0.97620779
-0.97256965
-0.96685611
-0.97327152
-0.96999549
-0.97264691
-0.97297415
-0.95912794
-0.97340958
-0.98464215
-0.96708863
-0.94282165
-0.98462896
-0.96518114
-0.97643436
-0.96513747
-0.97419269
-0.96974481
-0.97235039
-0.96917933
-0.94901789
-0.98341032
-0.96936468
-0.97505963
-0.97360141
-0.96943711
-0.97725615
-0.97162691
-0.97385527
-0.9717775
-0.98532135
-0.96958272
-0.96812331
-0.96952653
-0.94030148
-0.97242649
-0.96917167
-0.93996459
-0.94901789
-0.97639314
-0.97170384
-0.94762065
-0.95117237
-0.95953331
-0.97676607
-0.97058512
-0.97016783
-0.95813096
-0.97419269
-0.96997573
-0.96088176
-0.97868725
-0.97252029
-0.99053717
-0.97454
-0.99948895
-0.97223931
-0.9677937
-0.95563337
-0.95520482
-0.94901789
-0.97374205
-0.96953502
-0.97080118
-1
-0.98518404
-0.9749432
-0.96948508
-0.94901789
-0.98785463
-0.97923073
-0.97092213
-0.97295045
-0.97345951
-0.96942014
-0.9626728
-0.97058394
-0.97929543
-0.97250504
-0.96912413
-0.92864042
-0.98111793
-0.97122707
-0.96873803
-0.97252029
-0.94069487
-0.96831445
-0.97141323
-0.98418815
-0.97459366
-0.97541037
-0.97711695
-0.97023281
-0.9787611
-0.9667843
-0.97237719
-0.98392817
-0.97286123
-0.97616177
-0.97569791
-0.9765794
-0.60681025
-0.97357733
-0.9721389
-0.96743562
-0.97742567
-0.96436228
-0.96167824
-0.98180594
-0.9759872
-0.96773169
-0.97929232
-0.97219836
-0.97052487
-0.96907166
-0.97222323
-0.97181289
-0.97033208
-0.97338549
-0.97994117
-0.96335896
-0.97282027
-0.94635472
-0.97912586
-0.96007671
-0.9717519
-0.97269458
-0.97859004
-0.97222323
-0.97217212
-0.98023735
-0.97902398
-0.97212599
-0.9734416
-0.97321909
-0.94901789
-0.97419269
-0.95627684
-0.97334862
-0.95552208
-0.96591871
-0.96984495
-0.9813702
-0.96704892
-0.97652859
-0.97187228
-0.97141163
-0.97216514
-0.97308324
-0.96977524
-0.97367092
-0.97657243
-0.97970299
-0.99763692
-0.96996957
-0.97264426
-0.94467392
-0.97845135
-0.97016735
-0.97591199
-0.97783675
-0.94901789
-0.97055241
-0.9702606
-0.97624275
-0.97324176
-0.97058512
-0.97505963
-0.97802242
-0.97869794
-0.97505963
-0.97051835
-0.97350614
-0.97419269
-0.96978256
-0.97116425
-0.97836559
-0.97007527
-0.97084394
-0.97260317
-0.97303121
-0.96950975
-0.96936468
-0.97372648
-0.97620571
-0.97903418
-0.96691808
-0.97977633
-0.97547203
-0.97893701
-0.97033517
-0.97542556
-0.98254586
-0.96854385
-0.96867308
-0.97382394
-0.96821861
-0.96712349
-0.97628672
-0.97418505
-0.97044689
-0.97734416
-0.97062315
-0.95874148
-0.97327152
-0.97419269
-0.96955415
-0.96675106
-0.97179928
-0.97676607
-0.97270353
-0.97018657
-1.0222338
-0.99223726
-0.9688943
-0.96933338
-0.97251699
-0.97085307
-0.97288837
-0.9737468
-0.97066306
-0.9784911
-0.97045176
-0.97036997
-0.97969979
-0.96867308
-0.96936204
-0.96867308
-0.97419269
-0.96016578
-0.97419269
-0.97045171
-0.97109567
-0.96628606
-0.97058316
-0.97029506
-0.97058453
-0.97213052
-0.96388583
-0.9724241
-0.96720032
-0.97286984
-1
-0.97058512
-0.9739877
-0.92046772
-0.97573068
-0.9725841
-0.97055295
-0.96852358
-0.9653835
-0.96753104
-0.97131348
-0.98504637
-0.94977816
-0.97279143
-0.97599033
-0.98839687
-0.97321909
-0.97268019
-0.9787209
-0.9667291
-0.97625469
-0.95552526
-0.97703836
-0.96791979
-0.97020471
-0.97055295
-0.97178397
-0.97105907
-0.96846174
-0.97323184
-0.97259152
-0.97009527
-0.97259152
-0.96555547
-0.96264602
-0.97090204
-0.96963482
-0.97018826
-0.97260331
-0.96848473
-0.97815792
-0.98181973
-0.99001181
-0.95918411
-0.97214091
-0.97043492
-0.9602081
-0.96890578
-0.9696229
-0.9733506
-0.97255786
-0.8935737
-0.97055295
-0.96889689
-0.97451546
-0.97951455
-0.97327241
-0.97634495
-0.95759255
-0.98383416
-0.9713975
-0.99193522
-0.97296547
-0.97541037
-0.97505963
-0.25716984
-0.9641979
-0.97419269
-0.97182011
-0.94901789
-1.0004651
-0.97424032
-0.95593794
-0.9718563
-0.96795311
-0.98849224
-0.98166203
-0.97447302
-0.97505963
-0.95137556
-0.97128458
-0.97016756
-0.97128458
-0.97985976
-0.97128006
-0.97053821
-0.97877489
-0.96931279
-0.97155543
-0.97050148
-0.97292279
-0.9743511
-0.98050577
-0.99186702
-0.97489681
-0.99089802
-0.9666902
-0.9685174
-0.96078971
-0.96520966
-0.97419269
-0.96842812
-0.97055241
-0.96188113
-0.97082135
-1.001131
-0.97141163
-0.98665251
-0.95194228
-0.97188008
-0.97011351
-0.97337586
-0.97108583
-0.97419269
-0.97171052
-0.97161952
-0.97545815
-0.9799437
-0.97071898
-0.98712717
-0.97361549
-0.98727135
-0.97119105
-0.95493101
-0.78372071
-0.94930524
-0.96969748
-0.97307416
-0.94901789
-0.97330886
-0.97176345
-0.95084093
-0.97213227
-0.96377491
-0.9782187
-0.97256281
-0.96958041
-0.98223045
-0.97257405
-0.96791523
-0.97166218
-0.96322883
-0.97649148
-0.9663324
-0.97058512
-0.97505963
-0.97445505
-0.97029506
-0.96890578
-0.96988917
-0.97154093
-0.9663324
-0.97687314
-0.97843966
-0.97181715
-0.97366943
-0.97867068
-0.9682346
-0.97039417
-0.97220476
-0.97943717
-0.97029506
-0.97505963
-0.96873171
-0.99992346
-0.97087841
-0.960229
-0.97454
-0.95457003
-0.9795381
-0.97056183
-0.97246283
-0.94761625
-0.96890578
-0.96899343
-0.9706225
-0.97102281
-0.97435292
-0.97079395
-0.96960063
-0.97049633
-0.97404005
-0.97723989
-0.96220329
-0.97815167
-0.97611921
-0.97221536
-0.97016783
-1.0195167
-0.98248468
-0.96987816
-0.97531604
-0.7804462
-0.96260807
-0.96914011
-0.97128458
-0.97328013
-0.9751843
-0.9722064
-0.9890467
-0.97058512
-0.97340958
-0.97048131
-0.96600372
-0.96978499
-0.96698928
-0.95877316
-0.97055295
-0.9528971
-0.97813331
-0.99038202
-0.98170531
-0.96797361
-0.96898985
-0.96798422
-0.97307674
-0.96677715
-0.97356378
-0.97459366
-0.97419269
-0.97419269
-0.96872966
-0.97329289
-0.98459051
-0.96111936
-0.97419269
-0.97045753
-0.95035443
-0.97015501
-0.98540079
-0.97259152
-0.97430468
-0.9813728
-0.9740827
-0.97310869
-0.93549247
-0.96629324
-0.97134312
-0.97332641
-0.97363224
-0.97181023
-0.97452008
-0.96237917
-0.9865874
-0.97985618
-0.97495825
-0.94901789
-0.98128611
-0.97419269
-0.96890578
-0.97128458
-0.97029506
-0.97419269
-0.96978414
-0.97454
-0.96927667
-0.97534728
-0.95324501
-0.97145809
-0.97533052
-0.97423726
-1.0222338
-0.97419269
-0.97775226
-0.97676607
-0.97284478
-0.97145399
-0.96651561
-0.9721786
-0.97078959
-0.95972894
-0.97785514
-0.97116586
-0.44047774
-0.97192851
-0.96895774
-0.97829296
-0.97159168
-0.97329033
-0.97419269
-0.970501
-0.96589139
-0.96890957
-0.97522597
-1
-0.95482595
-0.97857841
-0.95806775
-0.95524485
-0.97349702
-0.97048131
-0.96482047
-0.97473386
-0.97150479
-0.97265819
-0.9954641
-0.97203855
-0.94969401
-0.97271255
-0.97535406
-0.96413572
-0.96891615
-0.98465408
-0.96890947
-0.97260105
-0.9720046
-0.97195192
-0.97199214
-0.98440194
-0.97941883
-0.98759115
-0.97419269
-0.98015914
-0.96339907
-0.97428857
-0.964715
-0.97327711
-0.97698794
-0.97734575
-0.97801189
-0.99982336
-0.97012277
-0.97055295
-0.97417626
-0.97687024
-0.96877341
-0.97308479
-0.9972602
-0.97450386
-0.96899343
-0.97290123
-0.96485083
-0.97253098
-0.96274986
-0.96766728
-0.96835619
-0.97267638
-0.97735506
-0.97268714
-0.97307589
-0.96952657
-0.97317996
-0.95601646
-0.97419269
-0.80550374
-0.96930371
-0.97088991
-1
-0.9715698
-0.96909001
-0.95356897
-0.9912576
-0.97663632
-0.97531981
-0.97594272
-0.96995957
-0.94901789
-0.96739327
-0.97073742
-0.97015785
-0.96398844
-0.97953968
-0.96931279
-0.9639121
-0.97058512
-0.96882007
-0.98054704
-0.95791403
-0.97116425
-0.97096583
-0.97860786
-0.95042782
-0.97676607
-0.97139611
-0.95871371
-0.96978414
-0.96300252
-0.95507661
-0.97092673
-0.97102754
-0.97110023
-0.96702001
-0.97963615
-0.96447064
-0.92739251
-0.97664034
-0.97338374
-0.96267983
-0.98190588
-0.97303447
-1.0225397
-0.98298353
-0.9729788
-0.97488691
-0.97055295
-0.97238834
-0.97071168
-0.97339685
-0.9755332
-0.97679472
-1.0003535
-0.97004789
-0.96892131
-0.96610618
-1
-0.97389234
-0.97270533
-0.97626214
-0.97176675
-0.97686395
-0.97711183
-0.98387538
-0.97739422
-0.95508794
-0.96800459
-0.96097336
-0.97079763
-0.97415228
-0.97007568
-0.97968296
-0.981244
-0.97306903
-0.96771468
-0.97404005
-0.9796781
-0.97232764
-0.9766964
-0.97571823
-0.97292279
-0.97098618
-0.95342058
-0.97647665
-0.98865944
-0.97542344
-0.97558353
-0.9699336
-0.96950298
-0.96914351
-0.97473586
-0.97434974
-0.97076108
-0.95900406
-0.98528428
-0.96769649
-0.96800459
-0.97264582
-0.99216153
-0.97419269
-0.97318736
-0.97099279
-0.97200294
-0.97985922
-0.97260046
-0.97222323
-0.97396278
-0.96881024
-0.96596721
-0.97300506
-0.97076235
-0.97052204
-0.97160763
-0.98545853
-0.9661945
-0.99160702
-0.97029506
-0.97444198
-0.97964638
-0.96899353
-0.97417936
-0.9666788
-0.98332269
-0.97251792
-0.9653835
-0.9757089
-0.97505963
-0.9766822
-0.97652194
-0.97304234
-0.99435276
-0.95189111
-0.98931045
-0.9769644
-0.97389815
-0.98559835
-0.97360141
-0.97289189
-0.97390131
-0.97029506
-0.96276521
-0.9656237
-0.96995931
-0.95883034
-0.97264691
-0.97029157
-0.96237765
-0.96858849
-0.97642749
-0.97052538
-0.96903341
-0.97228497
-0.93874082
-0.97952067
-0.90737692
-0.97321909
-0.97375259
-0.98350703
-0.97505963
-0.96890578
-0.96781365
-0.9706225
-0.99089802
-0.97901182
-0.96782477
-0.97419269
-0.9634134
-0.96912874
-0.97505963
-0.97175931
-0.9960054
-0.95759272
-0.98749844
-0.97419269
-0.97290189
-0.97087841
-0.90254422
-0.94901789
-0.80530871
-0.97267248
-0.9973767
-0.95906296
-0.95696131
-0.97432486
-0.97032485
-0.97855005
-0.97219564
-0.97052588
-0.98483765
-0.96890578
-0.97419269
-0.98598483
-0.9653693
-0.97244141
-0.96990371
-0.97269396
-0.97459366
-0.96658051
-0.96918642
-0.97418041
-0.97207565
-0.97598853
-0.97980492
-0.97419269
-0.96984213
-0.97419269
-0.97822595
-0.97478938
-1.0015468
-0.95859971
-0.99187483
-0.96890578
-0.97367268
-0.95926196
-0.97055295
-0.9725841
-0.97687012
-0.96923667
-0.96799244
-0.94901789
-0.97566637
-0.97872404
-0.96793003
-0.86003945
-0.96978414
-0.94871689
-0.97544578
-0.96937508
-0.95519626
-0.97128458
-0.96890578
-0.97887581
-0.97394355
-0.9700339
-0.97792717
-0.97233932
-0.97032485
-0.97592857
-0.97939705
-0.9781272
-0.97033145
-0.9697774
-0.97409048
-1
-0.97419269
-0.97222199
-0.97414621
-0.97179408
-0.97121531
-0.97269396
-0.97404005
-0.97174706
-0.97790116
-0.97029506
-0.97295061
-0.97108974
-1.0222338
-0.97423668
-0.97342765
-1.0068387
-0.97369899
-0.97989158
-0.97195962
-0.97419269
-0.97152544
-0.96667319
-0.98429897
-0.97065446
-0.97140973
-0.96976752
-0.97689303
-0.97410684
-0.97806039
-0.98173791
-0.99116145
-0.97548096
-0.97883978
-0.97141355
-0.97271936
-0.9767609
-0.97419269
-0.97142722
-0.98144388
-0.97985735
-0.97199173
-0.96689128
-0.97084474
-0.97553329
-0.97175978
-0.88129735
-0.97348168
-0.9730621
-0.97118256
-0.96978499
-0.96204851
-0.96895774
-0.9711357
-0.97016704
-0.96662193
-0.97397772
-0.96931279
-0.97014331
-0.97498811
-0.97350908
-0.96385048
-0.97549312
-0.97509852
-0.81386329
-0.94901789
-0.97503377
-0.97145646
-0.97061202
-0.9725284
-0.98301486
-0.9720491
-0.93578037
-0.97488343
-0.97765058
-0.96935721
-0.97424032
-0.97682997
-0.95042782
-0.97378254
-0.97073692
-0.9543108
-0.9752371
-0.97125851
-0.97933819
-0.97235894
-0.98253021
-0.96894945
-0.9703546
-0.99667078
-0.96946935
-0.9546958
-0.97419269
-0.962034
-0.97113407
-0.96775354
-0.96941334
-0.97229775
-0.97283491
-0.97603426
-0.95635613
-0.97076433
-0.97419269
-0.97101788
-0.94220517
-0.96867292
-0.96475431
-0.9774446
-0.96989719
-0.97479904
-0.97243219
-0.96890578
-0.97089297
-0.97358688
-0.97419269
-0.95195896
-0.97137343
-0.97505963
-0.96607175
-0.97569984
-0.98056406
-0.97016797
-0.97421664
-0.97780123
-0.97282027
-0.97957969
-0.96398844
-0.98913648
-0.98015401
-0.97416403
-0.97029506
-0.97371826
-0.96509075
-0.97055295
-0.97188802
-0.97228188
-0.97931074
-0.97277945
-0.97033517
-0.95454056
-0.98440325
-0.96889604
-0.97538476
-0.97058453
-0.97346723
-0.96392028
-0.97735347
-0.96279834
-0.94452947
-0.97498839
-0.97029506
-0.97676607
-0.74264891
-0.97321909
-0.97655168
-0.97055295
-0.96551887
-0.97029506
-0.97346677
-0.97426396
-0.98228908
-0.96268505
-0.97286338
-0.96913507
-0.97331488
-0.97191724
-0.97154926
-0.93308399
-0.96814855
-0.97142408
-0.96890578
-0.98587791
-0.96704265
-0.9663324
-0.97029506
-0.96834497
-0.97977993
-0.96949772
-0.89866047
-0.97263298
-0.97344102
-0.9719133
-0.97749013
-0.97297307
-0.98562741
-0.96209612
-0.9785743
-0.96899343
-0.97623279
-1.0065874
-0.97310334
-0.98263545
-0.97235418
-0.94884707
-0.97038105
-0.96920051
-0.97671775
-0.97001222
-0.98115916
-0.96986069
-0.95897469
-0.97141559
-0.96721393
-0.97073106
-0.97780123
-0.97213052
-0.97250219
-0.97129555
-0.96972309
-0.94606185
-0.96075711
-0.97328044
-0.97584005
-0.97419269
-0.97419077
-0.95673121
-0.96605959
-0.97086926
-0.97729169
-0.97136996
-0.97979674
-0.97231082
-0.97162762
-0.97549303
-0.98694949
-0.98207316
-0.97007568
-0.96434915
-0.97419269
-0.98487153
-0.97160546
-0.97419269
-0.97424882
-0.97052538
-0.97129359
-0.9657066
-0.96711011
-0.96419341
-0.97871525
-0.97016852
-0.97262355
-0.97868434
-0.9732785
-0.96801276
-0.96272971
-0.94669188
-0.97534728
-0.96861302
-0.98297428
-0.97377776
-0.93874082
-1.0222338
-0.96997437
-0.97439919
-0.97335619
-0.97465915
-0.97058512
-0.97024086
-0.98084266
-0.97495475
-0.97419269
-0.96395456
-0.97542615
-0.96838262
-0.97420904
-0.97419269
-0.96801276
-0.96346778
-0.9764032
-0.96998757
-0.96527822
-0.97216311
-0.97403314
-0.97342765
-0.92082395
-0.97906589
-1.0129804
-0.97359112
-0.96227048
-0.97436261
-0.97419269
-0.96717216
-0.97374205
-0.97090963
-0.96621232
-0.97349351
-0.97652425
-0.95924515
-0.97446459
-0.94901789
-0.83971624
-0.97390511
-0.97153071
-0.9710354
-0.97419269
-0.97887785
-0.98110488
-0.96514265
-0.97143037
-0.97351341
-0.97089701
-0.97007568
-0.97592651
-0.97262369
-0.97534728
-0.96852358
-0.97405206
-0.96339927
-0.97670008
-0.98940965
-0.96914177
-0.97261335
-0.95807862
-0.98052813
-0.97295373
-0.97246108
-0.97560004
-0.97319775
-0.97488698
-0.9750194
-0.96573455
-0.97534728
-0.97068475
-0.97388812
-0.98216903
-0.97066772
-0.9837986
-0.97419269
-0.97194849
-0.92516532
-0.96962552
-0.95553432
-0.95385351
-0.97505963
-0.97742179
-0.9595957
-0.97029506
-0.97161962
-0.97058512
-0.9636661
-0.96971941
-0.96958416
-0.97419269
-0.97116425
-0.97220712
-0.98533419
-0.96890947
-0.97086863
-0.97222842
-0.96695488
-0.96890578
-0.96766743
-0.97504191
-0.97799767
-0.9737655
-0.97360141
-0.96385811
-0.97345713
-0.98694826
-0.97244819
-0.97966169
-1.0001901
-0.9717258
-0.93189976
-0.9887279
-0.97168291
-0.97247411
-1
-1.0055946
-0.94818757
-0.97575792
-0.97391098
-0.97325444
-0.99067506
-0.95538108
-0.98091238
-0.97218143
-0.96936468
-0.99035739
-0.97407176
-0.98203163
-0.97476684
-0.9708596
-0.95761595
-0.96997573
-0.97027244
-0.96953961
-0.98132657
-0.9623043
-0.95146027
-0.97058512
-0.97102754
-0.93712978
-0.97076115
-0.96912874
-0.97176904
-0.97048145
-0.94969625
-0.97181715
-0.97069666
-0.65874773
-0.97505963
-0.97360141
-0.97308226
-0.97901213
-0.97244567
-0.97280147
-0.9829607
-0.97268809
-0.95957589
-0.97419269
-0.96036901
-0.97392822
-0.97153471
-0.95356897
-1.0005675
-0.97382331
-0.94901789
-0.97982354
-0.97505963
-0.97419269
-0.96997905
-0.97052588
-0.96568801
-0.97016783
-0.97181023
-0.90283502
-0.97089674
-0.97123968
-0.96217633
-0.96992664
-0.9572252
-0.99839802
-0.93874082
-0.97217115
-0.96864519
-0.97313393
-0.97366349
-0.976219
-0.97412902
-0.97424531
-0.99837752
-0.97262143
-0.94635472
-0.96519967
-0.95787837
-0.97785416
-0.98061958
-1.0028851
-0.98184879
-0.97461085
-0.97505963
-0.97004623
-0.97197108
-0.97419269
-0.97460019
-0.97230148
-0.97711442
-0.95641509
-0.97876058
-0.97764461
-0.96951003
-0.97558696
-0.97016789
-0.97585715
-0.9704051
-0.97612639
-0.97553159
-0.94284334
-0.98188949
-0.97191303
-0.96386618
-0.97068475
-0.97300506
-0.97255577
-0.97058453
-0.94901789
-0.97334817
-0.96683237
-0.93655251
-0.97739376
-0.97016756
-0.9624581
-0.96447619
-0.96997965
-0.97449275
-0.96081802
-0.98516724
-0.96884169
-0.9730919
-0.97202909
-0.97016756
-0.97202909
-0.97408634
-0.95858163
-0.98361529
-0.94272742
-0.98102691
-0.97327152
-0.98213639
-0.98479888
-0.97505963
-0.97670146
-0.96742784
-0.97459815
-0.97121531
-0.97904145
-0.96963208
-0.97548542
-0.96838004
-0.97282148
-0.97505963
-0.97439155
-0.96923915
-0.97029506
-0.97228118
-0.96947731
-0.97065446
-1.0008972
-0.97341251
-0.97575792
-0.9718563
-0.96121764
-0.97419269
-0.97466898
-0.95936721
-0.96617919
-0.97920029
-0.65561031
-0.98123579
-0.97439793
-0.97089451
-0.9749522
-0.97261099
-0.97597901
-0.96843841
-0.97517221
-0.9696535
-0.97358688
-0.96877901
-0.98217345
-0.9458086
-0.97639983
-0.96331109
-0.97168217
-0.95275048
-0.97158399
-0.9662636
-0.97505963
-0.97245586
-0.96359572
-0.96938526
-0.97293026
-0.95457003
-0.96997573
-0.65874773
-0.97199367
-0.97034254
-0.97007568
-0.97052538
-0.97234162
-0.96762801
-0.97118618
-0.96079438
-0.96233433
-0.96071471
-0.96729249
-1
-0.96927575
-0.97776494
-0.94672868
-1
-0.97541037
-0.97700029
-0.97419269
-0.97029506
-0.96886412
-1.0127327
-0.97350619
-0.98234961
-0.97965411
-0.97038445
-0.96918642
-0.97442329
-0.98658343
-0.95460681
-0.97029506
-0.97270761
-0.97016817
-0.95980585
-0.96997505
-0.96160499
-0.97718223
-0.9715309
-0.97337586
-0.97459366
-0.97493095
-0.98311744
-0.96383291
-0.97533508
-0.96047274
-0.9766518
-0.96105242
-0.97120776
-0.96978414
-0.96400302
-0.96493039
-0.97930106
-0.97355747
-0.97419269
-0.95760171
-0.97569506
-0.96233182
-0.97068095
-0.97337391
-0.98871582
-0.99511108
-0.93750615
-0.97118256
-0.97327843
-0.97426331
-0.98253021
-0.91446191
-0.97128458
-0.97259492
-0.98071578
-0.96540079
-0.97858685
-0.99951841
-0.97087841
-0.96895737
-0.98628821
-0.96493827
-0.97020489
-0.96046034
-0.97016783
-0.96975302
-0.97731926
-0.97505963
-0.9634482
-0.9619427
-0.97003127
-0.97163845
-0.97283492
-0.97112593
-0.97236536
-0.97271936
-0.97412124
-0.96922223
-0.96788932
-0.97915441
-0.98497718
-0.97022944
-0.93581123
-0.95602127
-0.96402113
-0.97304445
-0.97326477
-0.96123078
-0.94901789
-0.97055295
-0.98435024
-0.97334259
-0.97130104
-0.96307706
-0.98258168
-0.97451839
-0.97250581
-0.97339685
-0.97148642
-0.95841853
-0.9760607
-0.9617372
-0.97979674
-0.97730908
-0.97454
-0.96952653
-0.97671448
-0.97419269
-0.96996216
-0.96754564
-0.97541037
-0.97480375
-0.97342671
-0.9459299
-0.97235844
-0.95626508
-0.96913553
-0.96499146
-0.98349636
-0.97195962
-0.98293147
-0.97382901
-0.96805289
-0.96542622
-0.97077802
-0.97419269
-0.97541037
-0.96846752
-0.97242673
-0.9483503
-0.97010218
-0.97744378
-0.97141163
-0.97505963
-0.97404005
-0.96801276
-0.97550577
-0.98965387
-0.97751959
-0.97143269
-0.97327152
-0.96379784
-0.97480694
-0.96610126
-0.96970599
-0.97485734
-0.98699664
-0.97595687
-0.97454
-0.97220582
-0.97843559
-0.94069487
-0.97300506
-0.97698834
-0.97659249
-0.96716427
-0.97417291
-0.97501321
-0.97844715
-0.96332431
-0.9501096
-0.98106828
-0.97076049
-0.97239113
-0.97019409
-0.96891524
-0.97586163
-0.96899343
-0.969183
-0.96549074
-0.91287647
-0.95592796
-0.96982706
-0.96020376
-0.94757537
-0.94901789
-0.97081758
-0.97463369
-0.9721389
-0.98022932
-0.9789725
-0.96911843
-0.97016783
-0.98049543
-0.97629894
-0.98069505
-0.97489313
-0.99903438
-0.97784738
-0.97003325
-0.97034823
-0.96954593
-0.96983345
-0.97058512
-0.95248419
-0.97172173
-0.98027394
-0.97541037
-0.9618644
-0.97538352
-0.97213248
-0.97273545
-0.97527576
-0.96032399
-0.97556423
-0.96464318
-0.97670793
-0.97534728
-0.96890578
-0.97615684
-0.96848473
-0.970758
-0.97055295
-0.97312963
-0.97188974
-0.97185749
-0.97160546
-0.98611004
-0.97181023
-0.96091228
-0.97300506
-0.97453775
-0.97985553
-0.9728669
-0.91821428
-0.97662116
-0.97264691
-0.97362069
-0.97508265
-0.97058512
-0.96640666
-0.96788932
-0.96141541
-0.96585316
-1.0005371
-0.97707521
-0.97202909
-0.97102754
-0.97297617
-0.97321909
-0.96731285
-0.96966083
-0.94298923
-1.0222338
-0.98987385
-0.97419269
-0.97009442
-0.97258332
-0.97052487
-0.98089724
-0.96743273
-0.97397288
-0.98426955
-0.98323113
-0.96199883
-0.97634706
-0.96978414
-0.97434923
-0.96866962
-0.97388512
-0.96487548
-0.97419269
-0.92285432
-0.9713074
-0.97163929
-0.98268746
-0.97393677
-0.96716427
-0.9716648
-0.977186
-0.97116291
-0.97118167
-0.97550863
-0.98228315
-0.98462569
-0.97336049
-0.97811395
-0.97055295
-0.95035574
-0.95505589
-0.97218975
-0.97018212
-0.94901789
-0.97055241
-0.97479537
-0.9699254
-0.96913461
-0.97445206
-0.96608964
-0.98223623
-0.9728752
-0.99128444
-0.96931279
-0.99304952
-0.95559134
-0.98681949
-0.96713228
-0.97937637
-0.96895774
-0.96743799
-0.94559916
-0.97435759
-0.95038422
-0.97290123
-0.97314591
-0.96822969
-0.97819831
-0.95081262
-0.97247774
-0.96594542
-0.98861596
-0.92325619
-0.97070115
-0.97045118
-0.96837391
-0.96917179
-0.97547048
-0.95657379
-0.97115372
-0.97331509
-0.97022357
-0.97286682
-0.97499182
-0.97160007
-0.97994218
-0.96899343
-0.94880009
-0.96936959
-0.97411603
-0.9763295
-0.975621
-0.97174359
-0.97141323
-0.97062315
-0.97875905
-0.97029506
-0.97877129
-0.92889486
-0.99620621
-0.97908262
-0.97638606
-0.96492306
-0.974933
-0.97459366
-0.96955748
-0.96464337
-0.9732407
-0.97142167
-0.95623315
-0.98046184
-0.97024719
-0.97179727
-0.97313216
-0.98041711
-0.97787932
-0.97762984
-0.97242012
-0.97741269
-0.97710492
-0.97290123
-0.97861776
-0.97213052
-0.97291105
-0.97085441
-0.98797766
-0.97203022
-0.97741269
-0.96320001
-0.97505963
-0.97070888
-0.97497008
-0.97358688
-0.97260879
-0.96809237
-0.97360554
-0.96951225
-0.96103079
-0.98396204
-0.97384547
-0.97328183
-0.97505963
-0.9765131
-0.97204697
-0.98212572
-0.97390619
-0.97155899
-0.95880341
-0.96388213
-0.97379218
-0.97177788
-0.95227878
-0.97658278
-0.96812362
-0.96690706
-0.97256281
-0.98049747
-0.96918803
-0.98025987
-0.97419269
-0.97220194
-0.97052538
-0.94451688
-0.96842389
-0.97809089
-0.97016756
-0.9727541
-0.97005864
-0.97040723
-0.96899343
-0.96809002
-0.97327152
-0.97312414
-0.97016797
-0.98233691
-0.96417439
-0.81295206
-0.97424032
-1
-0.98908515
-0.97269141
-0.97206524
-0.97534728
-0.97142408
-0.9653835
-0.97055241
-0.98103243
-0.98427887
-0.97987487
-0.96990798
-0.97038633
-0.98659872
-1.0038336
-0.81952664
-0.97532252
-0.97731837
-0.96532983
-0.96910678
-0.97449729
-0.97000176
-0.96963398
-0.97077117
-0.972496
-0.9638253
-0.96952653
-0.97733469
-0.97334623
-0.97751227
-0.96895359
-0.97495685
-0.96834177
-0.97212736
-0.97764317
-0.97034312
-0.97573068
-0.96961893
-0.97110274
-0.96339907
-0.97545962
-0.96716427
-0.97096322
-0.98213452
-0.96950975
-0.97419269
-0.98343157
-0.97314457
-0.97762984
-0.9703348
-0.97683274
-0.95878247
-0.97179905
-0.98223314
-0.97696833
-0.97419269
-0.96476639
-0.97534728
-0.79931335
-0.98100045
-0.97505963
-0.92601194
-0.96461814
-0.97459366
-0.9657917
-0.97698678
-0.97033298
-0.97176246
-0.95948831
-0.97487564
-0.97786651
-0.97835832
-0.97264691
-0.97480639
-0.97505963
-0.96984041
-0.97029506
-0.97216302
-0.96106209
-0.97102321
-0.65322628
-0.97961544
-0.95533394
-0.97741013
-0.97640234
-0.97058512
-0.97058512
-0.97876017
-0.97113634
-0.97505963
-0.97348494
-0.98223045
-0.97052538
-0.97439215
-0.97505963
-0.97336897
-0.97190417
-0.98071165
-0.99511838
-0.98603842
-0.97068017
-0.98573994
-0.98151425
-0.96873803
-0.96297979
-0.97445505
-0.97397056
-0.96272688
-0.96372276
-0.97026207
-0.9797028
-0.97404005
-0.9722623
-0.97055295
-0.97419269
-0.97522759
-0.97016756
-0.95908582
-0.97821031
-0.99166578
-0.95623315
-0.97313216
-0.97187228
-0.97186358
-0.99089802
-0.97247034
-0.98243087
-0.97350221
-0.97137343
-0.97074221
-0.97058512
-0.97100244
-0.96665743
-0.96563049
-0.97713383
-0.96910722
-0.97301843
-1.0036206
-0.9767007
-0.97661268
-0.97016735
-0.97052934
-0.98323072
-0.96843703
-0.97530417
-0.97505963
-0.96276508
-0.97425264
-0.97336678
-0.75411026
-0.97660543
-0.9756631
-0.97237794
-0.97275297
-0.96898985
-0.97419269
-0.97479063
-0.97534728
-0.97164076
-0.97935705
-0.97676607
-0.97058512
-0.97415463
-0.97085635
-0.97426148
-0.96529728
-0.96789784
-0.97294187
-0.97142912
-0.96868285
-0.9852674
-0.97861638
-0.97160529
-0.97029506
-0.96631814
-0.97419269
-0.97125186
-0.97086307
-0.97335788
-0.97723308
-0.97549913
-0.97715783
-0.97430769
-0.9708406
-0.97505963
-0.70569028
-0.97002255
-0.97404361
-0.99865035
-0.97124669
-0.96619765
-0.97392822
-0.9703461
-0.97048131
-0.97576583
-0.97720601
-0.84885224
-0.97139139
-0.97617851
-0.97610631
-0.97584593
-0.97548421
-0.97309054
-0.97505963
-0.96876965
-0.98015385
-0.97169201
-0.94901789
-0.98297052
-0.97301576
-0.99757659
-0.9737663
-0.97126626
-0.97287886
-0.98474291
-0.97296676
-0.97459366
-0.97505963
-0.9699274
-0.97133463
-0.97375156
-0.97670698
-0.97505963
-0.97963836
-0.97448574
-0.97619432
-0.97081894
-0.97299438
-0.97016789
-0.97258803
-0.96105974
-0.9665983
-0.94898805
-0.9415687
-0.97586852
-0.97260055
-0.9759629
-0.97400871
-0.96912874
-0.97597753
-0.97090204
-0.97676607
-0.95429719
-0.97424032
-0.98338478
-0.97584302
-0.96969208
-0.98062107
-0.95986653
-0.97445555
-0.96719913
-0.97076535
-0.97156703
-0.97016823
-0.97331358
-0.95641625
-0.98171252
-0.95169015
-0.96677366
-0.96230468
-0.97814076
-0.97513843
-0.97580485
-0.96739828
-0.93702092
-0.93874082
-0.97196617
-0.97376779
-0.97312061
-0.981251
-0.96272279
-0.97668447
-0.97503951
-0.97013624
-0.98794756
-0.95996458
-0.96966824
-0.96365862
-0.96195426
-0.97169089
-0.9721389
-0.96478858
-0.97960799
-0.98226999
-0.97043141
-0.99267167
-0.97890371
-0.9653835
-0.96890578
-0.97426507
-0.97859749
-0.95441551
-0.99980136
-0.97785598
-0.97693769
-0.97000603
-0.95816012
-0.97678714
-0.96805484
-0.96339907
-0.97451889
-0.97505963
-0.97684197
-1.0065874
-0.9865737
-0.97355582
-0.95623315
-0.95759255
-0.97409949
-0.97183525
-0.97207548
-0.97216831
-0.96914011
-0.97055295
-0.97505963
-0.97505963
-0.98518404
-0.97630016
-0.97293026
-0.97505963
-0.97499898
-0.97578804
-0.97044638
-0.95761838
-0.977093
-0.96630964
-0.97850382
-0.97459366
-0.97270639
-0.97579593
-0.9692542
-0.96864592
-0.9661581
-0.97058512
-0.96743196
-0.97416029
-0.93371705
-0.99166578
-0.97015018
-0.96356518
-0.97151198
-0.96315978
-0.97505963
-0.96751989
-0.97563364
-0.96529546
-0.97419269
-0.97675207
-0.97448477
-0.97055241
-0.97853205
-0.97176675
-0.56597675
