-0.77432578
-0.74516048
-0.73617615
-0.72151631
-0.78206799
-0.88002793
-0.69817789
-0.73954267
-0.81610552
-0.7531511
-0.71199008
-0.72674052
-0.83113243
-0.71208637
-0.75766227
-0.72894117
-0.87596228
-0.80123712
-0.73605506
-0.84106343
-0.81097739
-0.76169628
-0.75948752
-0.79322621
-0.80956599
-0.79768573
-0.654732
-0.77186831
-0.84388191
-0.76758005
-0.77463472
-0.770392
-0.73449095
-0.80384152
-0.76988793
-0.79640301
-0.71557256
-0.8117078
-0.75360964
-0.66362116
-0.72126522
-0.81584164
-0.81906743
-0.76213645
-0.76159328
-0.6867364
-0.76890879
-0.75814636
-0.75358936
-0.70576469
