0.036917976
0.033191504
0.01645235
0.044177755
0.033191504
0.01645235
0.033942433
0.038948621
0.03381795
0.036205968
0.033190085
0.038889095
0.045167882
0.033488699
0.044649955
0.033878156
0.037071937
0.034024591
0.040256505
0.038674809
0.040936093
0.040280376
0.037377274
0.040804403
0.036205968
0.033195757
0.033191504
0.033193041
0.033191504
0.033912896
0.033197054
0.033195757
0.037828368
0.033200729
0.037640084
0.035057032
0.06672988
0.070392053
0.056189625
0.10238419
0.024368868
0.025838708
0.033186891
0.033188149
0.033192589
0.033193041
0.039720726
0.03319208
0.033523604
0.033188149
0.07849072
0.036205968
0.035973781
0.034791846
0.036685648
0.037604564
0.033878146
0.036205968
0.022605567
0.1134079
0.035549052
0.033736975
0.03992465
0.033194439
0.036476608
0.054806809
0.080087864
0.035707298
0.034499771
0.093237435
0.033193446
0.055106952
0.03748986
0.033194439
0.033189198
0.020594396
0.033196088
0.035184713
0.034408335
0.036205968
0.012452159
0.042108976
0.036205968
0.077596519
0.037806944
0.037847597
0.037032638
0.036205968
0.033197159
0.033197159
-0.17017411
0.033194928
0.035189625
0.046988269
0.033197159
0.034941013
0.036146314
0.034495824
0.033197159
0.033197159
0.037360306
0.034941013
0.033191504
0.033193041
0.033195757
0.033846638
0.035342617
0.033862017
0.036205968
0.036205968
0.033581276
0.033418184
0.033190085
0.035234365
0.035625011
0.036690338
0.041148276
0.033191504
0.033193041
0.046988269
0.035189625
0.036298435
0.046988269
0.046988269
0.033736975
0.033736975
0.033736975
0.033736975
0.033736975
0.033736975
0.033193041
0.033191504
0.033912896
0.033191504
0.035189625
0.035189625
0.036685648
0.035342617
0.03319208
0.035189625
0.033912896
0.03355474
0.033191504
0.049541332
0.025517318
0.035057032
0.035732051
0.033931637
0.025072018
0.036205968
0.033715064
0.040285386
0.039424416
0.035732051
0.037849221
0.033540287
0.038205477
0.034208123
0.033723896
0.036102892
0.033197546
0.034463264
0.033192589
0.034810691
0.024716624
0.027108427
0.035794147
0.03319208
0.03319208
0.033912896
0.033194928
0.033197693
0.033197693
0.033723896
0.033189198
0.035732051
0.03319208
0.033196088
0.036205968
0.039424416
0.039055843
0.033196088
0.025562679
0.034931857
0.033190085
0.035521108
0.036205968
0.036298435
0.035521108
0.035189625
0.033190085
0.035189625
0.03486282
0.035189625
0.035732051
0.0398006
0.035750327
0.033195374
0.036917976
0.035732051
0.034050725
0.060451977
0.039424416
0.035521108
0.071964188
0.036205968
0.039654291
0.035342617
0.033194439
0.034838643
0.03366404
0.035521108
0.033193446
0.037183493
0.038430282
0.035509592
0.10259153
0.035349255
0.034585796
0.035456742
0.035521686
0.060521227
0.035260445
0.068099454
0.033193446
0.033190085
0.033912896
0.035776668
0.03320071
0.034791834
0.042709163
0.036685648
0.038938422
0.033190085
0.035342617
0.033196634
0.033196088
0.033831607
0.033191504
0.036205968
0.034622931
0.033779356
0.038948621
0.036205968
0.03319208
0.03319208
0.034051811
0.033191504
0.033191504
0.033191504
0.033193041
0.033191504
0.033191504
0.033190845
0.033190845
0.033862017
0.038916893
0.035239233
0.033189198
0.035057032
0.036205968
0.035960663
0.038054495
0.037963367
0.033736975
0.033351333
0.033533708
0.034652612
0.035392218
0.036205968
0.033191504
0.033931637
0.033724768
0.036205968
0.036205968
0.034692255
0.033767547
0.033671476
0.033736975
0.034068696
0.051584116
0.036798065
0.036205968
0.036205968
0.034369509
0.033926652
0.033926652
0.033972022
0.033912896
0.033195194
0.034890374
0.034628643
0.03366363
0.037183493
0.034791834
0.03366363
0.033827562
0.035521108
0.034941013
0.04367192
0.033191504
0.03832727
0.034888277
0.036917976
0.034113651
0.036685648
0.042390102
0.036480653
0.036205968
0.036917976
0.035121042
0.033193041
0.049541332
0.033846638
0.033895092
0.037183493
0.036205968
0.035342617
0.036917976
0.035189625
0.035342617
0.036917976
0.036172966
0.033193041
0.038529699
0.078876993
0.037460902
0.036205968
0.03494882
0.033192589
0.035473616
0.049541332
0.040868754
0.036205968
0.033194439
0.035615672
0.036205968
0.033667021
0.036917976
0.098951786
0.038948621
0.038674809
0.068732247
0.039287083
0.034404708
0.03521841
0.034556457
0.033196088
0.035057032
0.034389149
0.033194928
0.033196088
0.035057032
0.035102006
0.033197054
0.033972243
0.033194401
0.033197054
0.036205968
0.033994298
-0.71994521
-0.71703653
0.99639976
-0.018849959
-0.86790837
-0.41000243
0.011721204
0.034580673
0.037625793
0.033200729
0.04875204
0.036205968
0.13374171
0.035515377
0.033191504
0.033191504
0.034187975
0.025562679
0.013541783
0.033195943
0.041385762
0.033191504
0.033186891
0.038956111
0.033196523
0.038612596
0.033192589
0.033190085
0.061139932
0.033193041
0.033191504
0.034408899
0.032172715
0.034705828
0.032670148
0.034578911
0.036205968
0.034404288
0.037476454
0.037183493
0.16430782
0.03450701
0.034872777
0.034558999
0.036205968
0.033191504
0.036480653
0.034936715
0.0870291
0.034530174
0.056752178
0.033188149
0.034639663
0.03319442
0.03319208
0.036205968
0.0396119
0.0396119
0.033198104
0.035804574
0.039660177
0.036205968
0.058010881
0.038197392
0.036205968
0.036917976
0.039118018
0.092629884
0.033200729
0.036205968
0.03391114
0.034838631
0.041077334
0.041077334
0.036205968
0.033190085
0.033195573
0.12551243
0.033193446
0.033736975
0.033736975
0.033736975
0.03391114
0.0042501032
0.0042501032
0.06296085
0.033186891
0.03748986
0.033188149
0.034302714
0.056938191
0.035057032
0.033192589
0.024050362
0.03319208
0.033191504
0.033189198
0.055390752
0.03780945
0.056938191
0.037115625
0.036205968
0.033191504
0.036917976
0.035342617
0.032012785
0.034566841
0.035189625
0.034395031
0.098933523
0.037183493
0.046988269
0.036060139
0.035521108
0.035189625
0.035189625
0.033191504
0.033895092
0.033191504
0.033514121
0.036205968
0.033193041
0.033190085
0.033195573
0.033193041
0.033197159
0.03413633
0.033197159
0.033197159
0.033196862
0.040108806
0.033721915
0.037632361
0.033191504
0.039092892
0.035184713
0.034385594
0.033193041
0.038651629
0.038529343
0.033191504
0.035057032
0.033191504
0.035521108
0.025072018
0.033831958
0.036205968
0.035189625
0.035263288
0.035263288
0.039397667
0.035184713
0.033190085
0.036205968
0.033601027
0.038122662
0.03748986
0.054891083
0.03655968
0.03635306
0.036917976
0.077463158
0.03319208
0.033190845
0.036917976
0.034890367
0.036898131
0.036898131
0.036917976
0.034941013
0.05217979
0.034177701
0.035521108
0.035521108
0.030340147
0.035521108
0.033196088
0.034235955
0.030823479
0.034411352
0.058956799
0.030683855
0.13032085
0.1043143
0.08888882
0.035483329
0.035200473
0.055560784
0.036205968
0.033734838
0.035387336
0.036205968
0.044013753
0.033190085
0.033723875
0.036917976
0.033195194
0.03319208
0.035732051
0.037183493
0.035473616
0.036135397
0.013660935
0.036205968
0.033931637
0.049541332
0.032124211
0.038540059
0.03748986
0.031208055
0.033191504
0.15622565
0.033895092
0.035521108
0.033863674
0.033190085
0.036298435
0.033193041
0.035521108
0.036917976
0.034592956
0.034997138
0.033197159
0.033197159
0.033197159
0.033197159
0.034941013
0.033197159
0.033197159
0.033197159
0.033912896
0.033931637
0.047859374
0.033765165
0.058837398
0.036480653
0.03319414
0.035263288
0.6164291
0.014145665
0.042973688
0.035057032
0.034666231
0.030583601
0.035057032
0.036917976
0.035057032
0.047324671
0.036480653
0.034630973
0.034385594
0.036205968
0.036798065
0.033191504
0.033191504
0.036917976
0.036917976
0.036917976
0.037384372
0.033994286
0.033191504
0.046286611
0.033191504
0.033191504
0.033196497
0.034783662
0.11058963
0.033193789
0.033850724
0.034558999
0.033190085
0.035792162
0.033190845
0.033186891
0.033196523
0.034617712
0.033460604
0.033196634
0.043592258
0.035258597
0.033190085
0.039118018
0.035776668
0.036205968
0.033895092
0.033931637
0.036205968
0.033191504
0.036917976
0.033191504
0.033193041
0.03319208
0.03319381
0.033437485
0.034941013
0.036685648
0.034656788
0.034633569
0.033188149
0.03319381
0.035521108
0.034243147
0.041471509
0.035883323
0.063619394
0.03474683
0.036480653
0.040965554
0.035168769
0.056749252
0.035009916
0.090112664
0.065793169
0.035400815
0.035254336
0.033191504
0.033193041
0.034314511
0.036299724
0.033196088
0.033972243
0.033193041
0.033191504
0.033895092
0.033196088
0.03371144
0.03371144
0.034699685
0.034648985
0.036205968
0.037183493
0.033194439
0.033195943
0.033194439
0.033195943
0.033193446
0.033194439
0.03420959
0.036298625
0.03319208
0.033194439
0.033195943
0.029229194
0.033194439
0.03359537
0.034599745
0.033195374
0.087232077
0.035014368
0.035442891
0.028857048
0.034862809
0.046124587
0.035347494
0.037263278
0.045853435
0.039039085
0.033523604
0.033193446
0.037150416
0.036205968
0.033197811
0.033190085
0.033191504
0.033190085
0.033195374
0.046403553
0.044969459
0.036090099
0.033194439
0.033190085
0.039283604
0.040607154
0.035323751
0.033192589
0.033193041
0.035881522
0.033803357
0.03870505
0.11004615
0.033191504
0.033194439
0.033191504
0.033912896
0.025072018
0.034275528
0.038985362
0.033200729
0.038443048
0.036476608
0.22717304
0.036205968
0.033815547
0.033188149
0.041330329
0.050772471
0.03319208
0.033931637
0.033193446
0.037183493
0.035057032
0.035057032
0.038396392
0.033192589
0.03319208
0.035999958
0.038369623
0.03319208
0.03515716
0.044647455
0.035732051
0.039228507
0.03319208
0.036917976
0.035057032
0.033190085
0.025261322
0.035370564
0.033736975
0.033736975
0.033197065
0.034888264
0.033191504
0.038346399
0.033191504
0.033193041
0.03319208
0.033736975
0.03319208
0.033193446
0.031439795
0.033190085
-0.0066027378
0.042447478
-0.011909866
-0.009090455
0.038287617
-0.011909866
0.033994298
0.045263678
0.036205968
-0.011909866
0.035732051
1
0.035342617
-1.0000001
0.01645235
0.035732051
0.035732051
0.20655908
0.045220809
0.034025723
0.034025723
0.038513632
0.056845182
0.033765199
0.035189625
0.03452666
0.035189625
0.058780051
0.035985183
0.035234365
0.035189625
0.036205968
0.036898131
0.035855905
0.049751229
0.037384372
0.033378296
0.033186891
0.033190085
0.03638694
0.034834598
0.033192589
0.022493876
0.042285065
0.034588913
-0.020491455
0.034289928
0.035342617
0.037183493
0.033198875
0.036205968
0.033931637
0.048272507
0.03748986
0.036205968
0.033915724
0.03319883
0.036205968
0.035392218
0.16694977
0.033191504
0.035189625
0.034523385
0.035342617
0.035988653
0.035121042
0.033432348
0.035189625
0.036205968
0.035052448
0.039396526
0.036205968
0.035121042
0.035342617
0.036476608
0.035184713
0.036205968
0.025072018
0.03359537
0.053445059
0.03518221
0.034192997
0.033196252
0.033193446
0.033193446
0.036917976
0.035776668
0.036205968
0.033931637
0.049541332
0.033846638
0.041158376
0.03378696
0.033195374
0.034997151
0.033190845
0.038604835
0.038880246
0.036703531
0.036294621
0.034512668
0.036898131
0.036205968
0.033190085
0.033432348
0.034055767
0.0473328
0.038281709
0.033931637
0.036205968
0.036917976
0.03420814
0.035082432
0.10212335
0.036205968
0.033195757
0.033190845
0.034066742
0.033193041
0.033191504
0.037183493
0.033188149
0.034750191
0.037183493
0.034492992
0.036205968
0.036052921
0.03422943
0.029473329
0.038231979
0.035732051
0.034558989
0.035521108
0.037183493
0.035189625
0.035732051
0.036205968
0.033194439
0.049541332
0.035521108
0.03696915
0.033195757
0.036298435
0.036205968
0.033912896
0.035342617
0.033200729
0.033194439
0.033194439
0.034275528
0.03319539
0.034240857
0.03069836
0.033194439
0.089055837
0.03319685
0.03924853
0.052175492
0.036205968
0.033197159
0.033197159
0.033197159
0.033197159
0.033197159
0.033197159
0.033197159
0.033197159
0.033197159
0.033197159
0.025850861
0.035184713
0.040790602
0.036205968
0.036488998
0.03060182
0.034982469
0.036098806
0.032085763
0.034823227
0.033736975
0.035121028
0.037565707
0.035732051
0.045899317
0.034705828
0.035746912
0.036205968
0.040435239
0.035272098
0.03319208
0.036205968
0.030233848
0.03419299
0.034259299
0.033190085
0.03319208
0.033190085
0.033194928
0.035189625
0.035073175
0.033831958
0.035342617
0.035057032
0.035263288
0.033192589
0.039659272
0.039424416
0.035184713
0.033193041
0.033192589
0.033803357
0.037365617
0.035189625
0.11590335
0.033197555
0.035710967
0.039868023
0.03319208
0.033190085
0.035342617
0.035732051
0.033931637
0.033931637
0.033190085
0.035342617
0.035732051
0.035521108
0.036205968
0.033736975
0.036205968
0.035309534
0.034344101
0.035051512
0.068413096
0.037603039
0.035521108
0.035521108
0.035521108
0.035960663
0.036205968
0.035732051
0.042447478
0.041626486
0.035732051
0.02704363
0.034463264
0.030121471
0.033736975
0.045214868
0.033759682
0.034997138
0.036091358
0.035189625
0.035189625
0.036600283
0.033193446
0.033194439
0.03668135
0.037183493
0.037685239
0.037604564
0.037604564
0.063335899
0.034204314
0.036600283
0.036060139
0.036060139
0.044177755
0.045263678
0.036205968
0.060835631
0.036917976
0.037850188
0.037183493
0.034408372
0.035192096
0.036205968
0.036685648
0.036205968
0.035189625
0.035057032
0.03069836
0.035615672
0.033196088
0.034025723
0.035057032
0.033194439
0.034831538
0.034144597
0.034385585
0.034872777
0.034745503
0.050991104
0.03319208
0.033190085
0.035057032
0.033190085
0.99639976
0.034020434
0.035057032
0.035342617
0.035828368
0.036205968
0.039047155
0.020594396
0.033803344
0.033190085
0.03319208
0.033190085
0.035625011
0.033193446
0.039548884
0.03361321
0.035189625
0.036205968
0.046988269
0.035897608
0.041141259
0.033196497
0.035988664
0.035988664
0.026343959
0.03452665
0.034337232
0.036685648
0.035408664
0.34241636
0.046988269
-0.011909866
0.036205968
0.035189625
0.033191504
0.036685648
0.033191504
0.033193041
0.033191504
0.033193041
0.033191504
0.034791846
0.036917976
0.048779416
0.03342742
0.049784091
0.043993656
0.036580044
-0.71703653
0.046181752
0.036060139
0.036754252
0.034705828
0.034888264
0.036298435
0.042885904
0.034705828
0.037537781
0.0372229
0.036176366
0.034823953
0.036214701
0.033656042
0.034975465
0.033192589
0.03319208
0.033626941
0.037092944
0.036703453
0.048841005
0.035428292
0.039704392
0.036205968
0.035732051
0.03832727
0.038526934
0.033544449
0.8897011
0.038272182
0.038402604
0.035342617
0.036798065
0.035732051
