0.93909957
0.9602407
0.93909957
0.94839201
0.95555526
0.95555526
0.95557583
0.98238673
0.97370724
0.98025637
0.95555526
0.9602407
1.0830154
1.0825635
0.9602407
0.97266243
0.97125349
1.058131
0.97051715
0.96328972
0.97100061
0.97000746
0.96385017
0.96666393
0.96872401
0.9665738
0.96872401
0.97486035
0.9594502
0.94707998
0.96984797
0.95582271
0.98965462
0.94802434
0.9602407
0.97023666
0.95562212
0.9602407
0.9602407
1.0089797
0.98343244
0.9602407
0.97054736
0.96562961
0.96440375
0.98458284
0.9602407
0.95557583
0.95570796
0.9602407
0.94712528
0.96936322
0.95557583
0.96720621
0.96936322
0.95829915
0.96067573
0.96641099
0.9715012
0.96461905
0.96609476
0.96997964
0.95555526
0.95555526
0.95555526
0.95555526
0.95555526
0.95555526
0.95685131
0.95555526
0.96666393
0.9602407
0.95569419
0.96497582
0.95582271
0.95445662
0.89043511
0.95290591
0.94432555
0.98366362
0.97234095
0.97601746
0.9602407
0.95562212
0.96225638
0.96497582
0.96399634
1.0678076
1.0542303
1.0215237
1.0587442
0.97132776
0.9602407
0.95557583
1.0653928
0.95555526
0.96674965
0.97054736
1.0487353
1.0663525
1.058771
1.0530701
1.0471887
1.0626029
0.91312389
1.0510704
0.97181188
0.95555526
1.0624036
0.92714865
1.0461576
0.9760469
0.97560857
0.9602407
0.97672431
0.9602407
0.9602407
1.0410187
0.97560857
0.97560857
0.97138942
0.97028397
0.95562212
0.96627516
0.97371247
0.95555526
0.96666393
0.97637804
0.96037106
0.96917583
0.97066131
0.97442628
0.97115811
0.95562212
0.95562212
0.95555526
0.95555526
0.94766282
0.96674965
0.95555526
0.95555526
0.95555526
0.95555526
0.97311148
0.94766282
1.0713465
0.9602407
0.95555526
0.95555526
0.95555526
0.95555526
0.95555526
0.95555526
0.95555526
0.95555526
0.95555526
0.95555526
0.95555526
0.95555526
0.97054736
0.9602407
0.9602407
0.97667968
0.96497582
0.95555526
0.9602407
0.9602407
0.95555526
0.95555526
0.95555526
0.95555526
0.95555526
0.9602407
0.95555526
0.95904966
0.95555526
0.95555526
0.95555526
0.95555526
0.95555526
0.95555526
0.9602407
0.95555526
0.95555526
0.95793743
0.9583176
0.96912008
0.95555526
0.95555526
1.0062353
0.95555526
0.95555526
0.95555526
0.95555526
0.95555526
1.0118502
0.95555526
0.95555526
0.95696999
0.9656594
0.96529144
0.95555526
0.96674965
0.9602407
0.9602407
0.96666393
0.95981411
0.95557583
0.97054736
0.95562212
0.95135491
0.95201296
0.98251671
0.96634507
0.98759929
1.0096186
0.95569419
0.9497028
0.9602407
0.95732938
0.95428841
0.95497826
0.95584678
0.95186319
0.95648254
0.9602407
0.96674965
0.97319274
0.9602407
0.97054736
1.0772964
0.96300867
1.0808164
1.0318588
1.0065532
1.0056336
1.0772964
1.0772964
1.0822759
1.0822759
1.0564642
0.95555526
0.95555526
0.95555526
0.95555526
0.95555526
0.95555526
0.95555526
0.95555526
0.95555526
0.95555526
0.95555526
0.9602407
0.95555526
0.95555526
0.95117701
1.0740363
0.9602407
0.96497582
0.9715012
0.95685131
0.95117701
0.96688849
0.98428771
0.96666393
1.0237675
0.95291392
0.94307044
0.94307044
0.94392059
0.96674965
0.95555526
0.75556901
0.95088546
0.95555526
0.95555526
0.95555526
0.95555526
0.95277333
0.94802434
0.97403437
0.94562285
0.9521281
0.96988833
0.94562285
0.95541559
0.97160538
0.94469559
0.9594502
0.9602407
0.96120895
0.98999944
0.95582271
0.97664686
0.96804842
0.9603067
0.95042557
0.98471294
0.96319659
0.96040248
1.0713465
0.94395467
0.96580729
0.95562212
0.96634507
0.97902262
0.96801245
0.94571289
0.97334573
0.97070883
0.95594394
1.0849853
1.0529727
1.0238995
0.97881581
0.9602407
0.98146151
0.98487197
0.95557583
0.95555526
1.0518003
0.97664686
0.95555526
0.95555526
0.96562961
0.98174789
0.9602407
0.95555526
0.95555526
0.95555526
0.96367881
0.9602407
0.97308936
0.94763199
0.96410087
0.97054736
0.95555526
0.96131498
0.98834724
0.9602407
0.96666393
0.95819189
0.95563392
0.9708116
0.96666393
0.9602407
0.9602407
0.96045273
0.96872401
0.95550177
0.97444092
0.94763689
0.9602407
0.9810263
0.95564441
0.96666393
0.95563392
0.96005168
0.95562212
0.95560875
0.95555526
0.95555526
0.97136791
0.95837336
0.9665738
0.96674965
0.9602407
0.95557583
0.9783013
0.9602407
0.96504352
0.9602407
0.95980011
0.95555526
0.96796472
0.95562212
0.96358355
0.98080929
0.96497582
0.9636325
0.96440375
0.9602407
1.0023568
0.96497582
0.95868307
0.95555526
0.95555526
0.95555526
0.9602407
0.95555526
0.95555526
0.96674965
0.94856369
0.95555526
0.95555526
0.97054736
0.94355907
0.96872401
1.043594
0.9574665
0.98040608
0.96666393
0.95562212
0.9665738
0.96872401
0.97486035
0.9574665
0.96666393
0.98428771
0.98100695
0.95629603
0.96333001
0.95588911
0.95176765
0.95994433
0.96281625
1.0623753
0.9602407
0.9602407
0.95864751
1.0214765
1.0177181
1.0431138
1.0295775
0.95562212
0.97946775
0.9602407
0.9602407
0.97023666
0.97053836
0.97053836
0.97053836
0.97053836
0.97053836
0.9602407
0.95555526
0.96497582
0.95555526
0.95555526
0.95555526
0.95555526
0.95555526
0.95555526
0.95555526
0.95555526
0.9602407
0.95562212
0.9602407
1.0184434
0.9602407
0.95555526
0.95555526
0.95555526
0.95555526
0.95555526
0.95555526
0.95555526
0.95555526
0.95555526
0.95555526
0.96959117
0.9602407
0.9602407
0.9602407
0.95838894
0.96623182
0.95562212
0.95216918
0.94049316
0.93945532
0.96572461
0.95489663
0.95100991
0.95100991
0.95100991
0.95100991
0.94432555
0.95100991
0.95100991
0.95100991
0.96562961
0.95569419
0.95454769
0.9520737
0.953453
0.94802434
0.96440375
0.95248962
0.97618001
0.94532084
0.94167236
0.95767087
0.95555526
0.95562212
1.0724253
1.0444982
1.0121859
1.0782177
1.0179462
0.95555526
0.95557583
0.95991586
0.97102675
0.95550177
0.96801245
0.96988199
0.97362158
0.95981443
0.91947362
0.97382143
0.95555526
0.95555526
0.95555526
0.95555526
0.95555526
0.95555526
0.95555526
0.95555526
0.9602407
0.95555526
0.95555526
0.95555526
0.96440375
0.95555526
0.9602407
0.95555526
0.9602407
0.95555526
0.96872401
0.9665738
0.96199094
0.7451804
0.95277333
0.97160538
0.96872401
0.9801176
0.98286446
0.94766282
0.95651581
0.95651581
0.98355784
0.98428771
0.96666393
0.95555526
0.96936322
0.96969379
0.96936322
0.96969379
0.9715012
0.9741074
0.9693345
0.97387963
0.95555526
0.96461905
0.96609476
0.95555526
0.9503588
0.95979421
0.98199461
0.95555526
0.96666393
0.98307383
0.97070883
0.96791768
0.97070883
0.97678738
0.95996688
0.97070883
0.95833314
0.97885157
0.97070883
0.92951404
0.92565612
0.96609547
0.96720621
0.960057
0.9724607
0.97560857
0.96497582
0.97265088
0.95555526
0.95555526
0.95555526
0.96535345
0.9602407
0.96580729
0.95555526
0.96580729
0.9602407
0.97082204
0.95555526
0.95555526
0.95555526
0.96095608
0.95560875
0.88075888
1
0.87869367
0.96264335
0.95509776
0.95562212
0.96095608
0.96095608
0.95555526
0.95555526
0.9602407
0.95555526
0.90437776
0.9602407
0.9602407
0.96380339
0.97085342
0.96027484
0.95560875
0.95946511
0.9784189
0.95588776
0.95559347
0.95285557
0.95285557
0.95285557
0.95590469
0.96072288
0.9541014
0.95246796
0.9602407
0.96674965
0.9574665
0.96588906
0.96497582
0.9602407
0.95555526
0.9503588
0.96240595
0.96240595
0.95904966
0.95555526
1.0184473
0.95562212
0.95555526
0.95555526
0.98012558
0.95555526
0.95555526
0.95555526
0.95555526
0.95555526
0.98576463
0.9602407
0.96440375
0.95564441
0.97293809
0.95422332
0.97054736
0.97189985
0.9602407
0.96204123
0.97137833
0.81614308
0.94313619
0.95555526
0.951505
0.97099476
0.96666393
0.94313619
0.92565233
0.79175997
0.95119659
0.95555526
0.97917717
0.96727342
0.9602407
0.96727342
0.96666393
0.93945532
0.97213063
0.95564441
0.96666393
0.97251505
0.95559347
0.96196545
0.96480559
0.96872401
0.96480559
0.9602407
0.95555526
1.0250072
1.0350742
1.0420178
1.036682
1.0306895
1.0545243
1.0629585
0.96912008
0.9602407
0.93909957
0.95244263
0.96562961
0.95569914
0.94049316
0.94376176
0.9426831
0.93909957
0.95555526
0.96666393
0.98040608
0.96688849
1.0075808
1.0023568
0.95868307
0.66294428
0.95555526
0.95240196
0.9602407
0.96674965
0.9602407
0.95100991
0.95100991
0.95100991
0.95100991
0.95100991
0.95100991
0.95100991
0.95100991
0.95100991
0.95100991
0.95831905
0.98720009
0.9602407
0.97480995
0.95951606
0.96813401
0.97430164
0.95555526
0.96666393
0.97187695
0.97726388
0.97481588
0.96956243
0.98377287
0.97730472
0.97664686
0.96970594
0.96814363
0.97744003
0.97264629
0.96375937
0.97343788
0.9696697
0.96690221
0.95560875
0.96998576
0.96584561
0.97827282
0.95562212
0.9602407
0.96107351
0.95795784
0.95569914
0.9602407
0.94938187
1.0355729
1.0355729
0.95555526
1.105618
0.95555526
0.95555526
0.95555526
0.94355907
0.9602407
0.95568884
0.96562961
0.95555526
0.95555526
0.96341909
0.95555526
0.95555526
0.95555526
0.95555526
0.95555526
0.95555526
0.95555526
0.9540675
1.0351923
1.0351923
0.47101808
0.47101808
0.47101808
0.55440959
0.61360769
-1
0.80101566
0.68923757
0.42694496
0.58117045
0.9569275
0.9760469
0.97070883
0.95555526
0.9602407
0.9602407
0.99099221
0.98199394
0.97298764
0.95555526
0.97483161
0.95202276
0.85496793
0.88568414
0.95775386
0.89178838
0.90613032
0.9688099
0.96665052
0.9836488
0.9602407
0.96899303
0.94856369
1.0213078
0.96666393
0.95562212
0.9602407
0.97079804
0.9602407
0.97486181
0.95681702
0.94977223
0.94938187
0.94938187
0.94938187
0.94977223
0.94977223
0.95685131
0.97446909
0.96531718
0.95366151
0.9507666
0.96680071
0.96173251
0.95224728
0.96791768
0.97070883
0.9602407
0.97070883
0.95555526
0.96674965
1.0440721
1.024867
1.0651023
1.0443849
1.0458248
0.94323908
1.0254021
0.9602407
0.97054736
0.9602407
0.97910621
0.9553539
0.95710623
0.94354717
0.98984751
0.96255042
0.95572832
0.94466447
0.95375132
0.95104398
0.95562212
0.9602407
0.9602407
0.95563392
0.80305985
0.92203823
0.98869613
0.95555526
0.95555526
0.95555526
0.97664686
0.96366823
0.96933624
0.9602407
0.9602407
0.96670429
0.96468055
0.9715012
0.96014319
0.9602407
0.96885185
0.95971433
0.89075395
0.9399833
0.9715012
0.96633633
0.75929828
0.9665738
0.95957387
0.95555526
0.97054736
0.9602407
0.96432506
0.96497582
1.0165947
1.0137228
1.0219923
1.0188917
0.9602407
0.9556992
1.0312898
1.0098424
1.0074667
0.95550177
0.95553095
0.96172179
0.96139406
0.96161952
0.96209048
0.97793646
0.96110083
0.96800244
0.99960477
0.96026231
0.9444408
0.979525
0.96666393
0.95555526
0.95555526
0.95555526
0.95555526
0.95582271
0.95555526
0.95555526
0.9602407
0.95563392
0.96674965
0.95555526
0.97054736
0.9602407
1.0485321
0.96000353
0.95811518
0.96140211
0.97771575
0.96456892
0.96273971
0.97106617
0.95853352
0.95983268
0.95555526
0.95555526
0.95555526
0.9602407
0.97664686
0.95555526
0.95100991
0.95100991
0.9497028
0.9497028
0.95100991
0.95100991
0.95100991
0.95100991
0.95100991
0.95100991
0.9602407
0.96674965
0.96873853
0.95255552
0.9521281
0.94848746
0.97896066
0.96666393
0.96432506
0.95555526
1.025459
1.0269811
1.0336841
0.9602407
0.9602407
0.95555526
0.99999998
0.96872401
1.0386103
1.0369301
0.96446665
0.97712744
0.96854952
0.96872401
0.9665738
0.96872401
0.9426831
0.94218322
0.96140819
0.50623222
0.95958545
1.0498941
0.9611508
1.040886
0.94690592
0.99877199
1.0328611
0.95562212
0.97891948
0.97732192
0.98887607
0.99216947
1.0207113
1.0259366
1.022477
1.022477
1.0301738
1.0245318
1.0314395
1.032031
0.9602407
1.077815
1.0232661
0.94875069
0.94875069
0.95562212
0.95474791
0.93909957
0.93909957
0.93909957
0.95555526
0.9602407
0.96591956
0.96440375
0.9602407
0.768078
0.95555526
0.95555526
0.95555526
0.95555526
0.95555526
0.98191095
0.95562212
0.95555526
0.95555526
0.9602407
0.9540675
0.97810417
0.96562961
0.85236928
0.9602407
0.9602407
0.96666393
0.96633633
0.97002711
0.95555526
0.83538826
0.47101808
0.96666393
0.95160129
0.47101808
0.94746732
0.97070883
0.96791768
0.94746732
0.42694496
0.9602407
0.9930084
0.98339528
0.96236924
0.95555526
0.9602407
1.0137238
0.96562961
0.96742526
0.97780293
0.96211501
0.95196519
0.9602407
0.97054736
0.95569914
0.97486181
0.9602407
0.96140819
0.9716881
0.94938187
0.94938187
0.94977223
0.94938187
0.768078
0.98191095
0.94977223
0.94977223
0.95970017
0.95474791
0.98504111
0.9540675
0.9634503
0.96674965
0.96634507
0.98251671
1.0197693
1.0105734
0.95980286
1.0264118
0.96309771
0.97062322
0.9602407
0.9602407
0.98967668
0.97217034
0.97216803
0.95555526
0.97664686
0.9602407
0.95569914
0.9602407
0.95555526
0.95555526
0.96592396
0.97793646
0.96666393
0.96033724
0.97360701
0.96665923
0.95553095
0.95550177
0.95509776
0.96413741
0.97248268
0.97559753
0.96509344
0.98133192
0.96394094
0.79487034
0.98074054
0.99379273
0.9602407
0.96666393
0.97425868
0.94461453
0.99379273
0.97425868
0.7166118
0.78957539
0.95555526
0.96591956
0.97842257
0.9801176
0.96666393
0.94756909
0.95047224
0.9426831
0.94167236
0.95911403
0.95047224
0.95224266
0.95536469
0.96236924
0.95536469
0.95555526
0.96666393
0.98497493
0.95555526
0.95555526
0.97672431
1.0142509
0.9602407
0.9602407
0.95555526
0.96050842
0.95364844
0.97215315
0.96813401
0.97430164
0.97131381
0.95962798
0.9602407
0.95555526
0.95831905
0.97343668
0.9602407
0.95555526
0.96236924
0.97054736
0.95555526
0.95555526
0.95555526
0.95555526
0.95555526
1.0118474
0.9602407
0.96440375
0.97043935
0.95555526
0.98005198
0.9819321
0.9803281
1.0222642
0.99555897
0.99766232
0.95555526
0.95555526
0.96599193
0.95555526
0.95555526
0.9602407
0.95555526
0.95555526
0.95555526
0.95555526
0.95555526
0.95555526
0.95555526
0.95555526
0.9602407
0.97284915
0.9602407
0.9602407
0.95555526
0.98226272
1.1189883
1.0821358
0.9602407
0.97054736
0.86325842
1.0157372
0.9602407
1.0498174
0.98387383
0.95910669
0.96562961
0.9602407
0.9602407
0.9602407
1.0923759
0.95555526
0.97664686
0.95555526
0.96497582
0.96358355
0.9602407
0.95637608
0.96504082
0.96373063
0.96793471
0.98367942
0.98496255
0.97168325
1.0399236
0.95555526
0.96330537
1.0627724
0.96666393
0.95555526
0.95557583
0.97313329
0.95555526
1.0655713
0.9602407
0.95562212
0.99013946
0.95555526
1.0132769
0.95555526
0.98056889
0.93250333
0.94219644
0.96753818
0.95119659
0.96666393
0.9602407
0.96138994
0.95555526
0.9602407
0.95555526
0.95555526
0.9848709
0.96634507
0.96138994
0.96440375
0.95505312
0.9602407
0.9602407
0.95555526
0.95555526
0.96666393
0.98378842
0.97135236
0.97251777
0.96973667
0.97121544
0.97042281
0.97159534
0.97300153
0.9602407
0.97102675
0.9602407
0.97064223
0.63475657
0.63475657
0.95103621
0.95518264
0.94986282
0.66465256
0.53178817
0.47101808
0.69119996
0.47101808
0.94639069
0.98881464
0.94766282
0.96497582
0.96432506
0.95555526
0.95555526
1.0040153
0.95555526
0.95555526
0.96642077
0.95560875
0.9602407
0.95560875
0.95555526
0.9540675
0.95509776
0.94690592
0.95433868
0.98990164
0.96912008
0.99999998
1.0126395
0.9602407
0.96430805
0.95564441
1.0339494
0.9602407
0.98118315
0.96696027
0.99118647
0.9602407
0.96365579
0.96696027
0.96634507
1.0226386
1.0391687
0.9633141
0.96550612
0.95555526
0.97114972
0.95555526
0.95555526
0.9602407
0.95555526
0.95562212
0.95555526
0.95555526
0.951505
0.97530819
0.9602407
0.97285419
0.96581438
0.96497582
0.96132287
0.96114705
0.9602407
0.96666393
0.97693493
0.9661975
0.9602407
0.95569419
0.96682845
0.98246739
0.95675051
0.957674
0.96085195
0.9590112
0.97203938
0.96666393
0.96443733
0.95747669
0.95931852
0.95553095
0.9590112
0.94500345
0.95673439
0.94049323
0.95879755
0.9602407
0.98282387
0.9655486
0.98788636
0.96842063
0.97294106
0.96236924
0.97082204
0.9602407
0.94763689
0.95570371
0.97131511
0.9602407
0.95564441
0.96066331
0.96872401
0.9551417
0.9399683
0.94307044
0.94307044
0.98514087
0.99099221
1.0039834
1.08695
0.96198759
0.96356652
0.96468839
0.96545681
0.98133192
0.98133192
0.98133192
0.98133192
0.98133192
0.98133192
0.98133192
0.98133192
0.9798122
0.95454081
0.97059538
0.96898031
0.9703929
0.96817693
0.95973845
0.96203762
0.96248806
0.96882993
0.96320385
0.96320385
0.96496617
0.9602407
0.95562212
1.0554186
1.0510031
0.95563392
0.95555526
0.9602407
0.97285865
1.0176378
1.0618591
0.95487074
0.9602407
1.0818887
0.86205336
0.95555526
0.95555526
0.97215315
0.95555526
0.9562942
0.94802434
0.96666393
0.85236928
0.94868066
0.98074054
0.95562212
0.96546521
0.96280055
0.9602407
0.97654462
0.9602407
0.96569471
0.95555526
0.9602407
0.97054736
1.0435667
0.96936322
0.96886406
0.97285419
0.9602407
1.0486498
1.0304364
1.0348113
0.9602407
0.97403437
0.9818993
0.97604258
0.98139373
0.95872701
0.84862272
0.96666393
0.96365067
0.97664686
0.9602407
0.96666393
0.96956405
0.97435707
0.98261311
0.95550177
0.96999612
0.96543205
0.95033402
0.94392059
0.94654545
0.94576189
0.95555526
0.95555526
0.98428771
0.96688849
0.96595762
0.9674618
0.96127871
0.96334571
0.95763262
0.9674618
0.96967726
0.96410555
0.6701808
0.61768082
0.61587034
0.96202702
0.95098116
0.95098116
1.0184473
1.003134
0.96642077
0.9602407
0.96674965
0.96562961
0.95555526
0.97257412
0.95555526
0.9602407
0.93833749
0.9602407
0.97517331
0.95562212
0.95685131
0.95117701
0.9602407
0.95562212
1.118101
0.96873853
0.97657669
0.95711324
0.96666393
0.98074054
0.94848746
1.0222927
1.0254916
1.0239552
1.0401325
0.97054736
1.0217276
0.96634507
0.95555526
1.0066821
1.0260244
0.96389898
1.0184473
0.96631258
0.9602407
0.9602407
0.95555526
0.96674965
0.95555526
0.96817693
0.95555526
0.95555526
1.0040153
0.97054736
0.95555526
0.9602407
0.95555526
0.56003261
0.95555526
0.95555526
0.96780167
1.0279083
1.0251612
1.0402363
0.98314031
0.90401616
0.96204123
0.84270327
0.88839801
0.95827535
0.97378419
0.8995339
0.97399105
0.98259626
0.88454569
1.0265162
1.0331733
1.0636497
1.0219222
1.0636497
1.0175783
1.0420513
0.9602407
0.951505
1.0420513
1.0481624
1.0291727
1.073905
1.0159428
0.96073112
1.0475405
0.96607564
1.0610807
0.9602407
0.9602407
0.9602407
0.96956632
0.97054736
0.9760469
0.99560161
1.0372723
0.98567085
0.98587545
0.9602407
0.98851475
1.0010651
0.97284915
0.9602407
1.0426913
0.96497582
0.98078813
0.97650239
0.95555526
0.9651607
0.9651607
0.952334
0.96488282
0.95814568
0.95555526
0.96390219
0.96666393
0.96563307
0.95555526
0.95098116
0.95555526
0.95555526
0.95660138
0.96541494
0.9602407
0.95910669
0.96792903
0.95660138
0.96397275
0.96863572
0.96548127
0.96882993
1.0083564
0.96384118
0.97125707
0.95536469
0.96872401
0.9665738
0.96872401
0.95994138
0.95969765
0.96665052
0.96356773
0.9602407
0.95555526
0.95555526
0.95555526
0.97664686
0.9602407
0.95555526
0.96569471
0.95749956
0.9602407
0.96831065
0.95555526
0.95555526
0.95555526
0.95555526
0.96334161
0.96546521
0.95555526
0.96670604
0.95555526
0.97907865
0.9426831
0.96666393
0.96109185
0.95819833
0.98539129
0.97339635
0.97047893
0.96312527
0.96601332
0.98319952
0.96438879
0.96853852
0.9602407
0.95555526
0.95555526
0.95555526
0.95569419
0.96202705
0.9602407
0.9602407
0.96800857
0.96634507
0.9602407
0.96680389
0.95536469
0.9586673
0.95495275
0.95216918
0.94926588
0.95414904
0.93945532
0.94307044
0.96415311
0.95939321
0.96651417
0.96461905
0.9493622
0.95177485
0.95811754
0.97316066
0.96157767
0.96557959
0.95335325
0.94110634
0.96010666
0.96666393
0.9602407
0.92565233
0.96982944
0.95557583
0.95555526
0.9602407
0.96657037
0.95974628
0.96657037
0.96550592
0.96461541
0.96378697
0.9469555
0.96966545
0.9602407
0.9602407
0.95544596
0.96471326
1.0544645
0.9602407
0.96834649
0.96329136
0.9602407
0.96666393
0.97444092
0.9741074
0.96234222
0.97699445
0.96504556
0.95553095
0.96666393
1
0.95562212
0.96413644
0.96175548
0.96744081
0.95349053
0.97054736
0.96014319
0.9602407
0.95555526
0.96844855
0.96497582
0.97054736
0.9602407
0.96562961
0.95569419
0.9602407
0.96199244
0.96867024
0.96983001
0.95555526
0.98459274
1.0656456
0.99880507
1.0161478
0.96875485
0.96812319
0.94919041
0.94432555
0.96872401
0.9665738
0.96872401
0.97308936
0.96658406
0.97350047
0.96666393
0.95555526
0.95555526
0.95562212
0.95555526
0.95555526
0.96739105
0.9653068
0.96739105
0.9602407
0.96513526
0.98343244
0.97054736
0.9602407
0.65122224
0.95518062
0.96326595
0.97062322
0.9551417
1.0160142
0.95509776
0.95509776
0.9602407
0.9805777
0.95977023
0.99989833
0.9574665
0.96666393
0.97889539
0.94802434
0.96633633
0.9635542
0.96255889
0.97952504
0.94381831
0.96680573
0.83685737
1.0052904
0.95872701
0.95584686
1.0175481
1.0237471
1.0238995
1.0280294
0.95564441
1.0346495
0.95564441
0.96228984
0.97070883
0.96791768
0.97070883
0.94562285
0.96302279
0.96302279
0.95584686
0.97898111
0.9602407
0.96969199
1.0199199
0.95562212
0.96950262
0.9479987
1.017694
0.95685131
1.0174715
0.95555526
0.95555526
0.96881462
0.96562961
0.91474733
0.95555526
0.95555526
1.036107
0.50035092
0.95555526
0.95555526
0.95555526
0.95555526
0.9939285
1.0235702
0.96670604
1.0404173
0.96342528
0.96497582
0.9602407
0.93828622
0.95247011
0.95983268
0.93693726
0.96422433
0.96852737
0.95803721
0.96075185
0.97124455
0.97183638
0.98873742
0.967283
0.97054736
0.97912116
0.88012277
1.0192242
0.98080744
0.9716881
0.89604378
0.9841445
0.98504111
0.95562212
0.95970017
0.96666393
1.0234318
0.9602407
1.0195408
1.0237877
0.86744864
0.89265192
0.9602407
0.96674965
0.99285383
0.9602407
0.96793487
0.968273
0.97664686
0.96037106
0.96706813
0.97134741
0.97327664
1.0333568
0.97841048
0.96666393
1.0146801
0.96634507
1.0162709
0.97054736
0.95555526
0.95555526
0.96793487
0.9602407
0.9602407
0.95555526
0.97054736
0.95555526
0.95555526
0.95555526
0.95555526
0.97054736
1.0164148
0.9602407
1.0544123
0.94862985
0.95555526
0.95555526
0.97215315
0.95555526
0.95555526
0.95555526
0.95555526
0.95555526
0.97318532
1.0254895
0.95562212
0.95555526
0.95555526
0.98139628
0.97933072
0.96666393
0.96600795
0.96791768
0.97694008
0.96791768
0.95555526
0.95555526
0.94430453
0.94430453
1.0904444
1.0703094
0.95555526
0.95555526
1.074646
1.0783029
0.95555526
1.0132991
1.0138254
1.0433136
1.0858014
1.0837769
1.0837769
1.074646
1.0783029
0.9602407
0.95562212
1.0367634
1.0258916
0.9602407
0.97054736
1
1.0444985
1.0058157
0.96045273
0.95555526
0.95555526
1.0103153
0.98960532
0.95555526
1.009376
0.96779493
1.0720222
0.94654545
0.94466447
0.87961705
0.94763689
0.96666393
0.94654545
0.75785505
0.80639018
0.96688849
0.95562212
0.98056889
0.95562212
1.0052904
0.59143206
0.9426831
0.96621648
0.95152805
0.95233396
0.9602407
0.97670895
0.85758765
0.96238173
0.96657037
0.96471326
0.97318511
0.96459601
0.95313987
0.96592299
0.95617206
0.96468055
0.95570371
0.9602407
0.96389898
0.95570371
0.95555526
0.96666393
0.97208164
0.95557583
0.99887918
0.951505
0.95557583
0.95781156
0.95768726
0.95678495
1.0778931
1.0078531
0.9602407
0.95562212
1.0353842
0.95822043
0.95968238
1.0067724
0.96666393
0.96287644
0.98251671
0.95555526
0.95555526
0.9602407
0.9602407
0.95555526
0.94355907
0.97300211
0.95555526
0.96523385
0.95555526
0.9602407
0.95555526
0.9602407
0.96674965
0.96385674
0.97401887
0.95459971
0.96236944
0.96666393
0.96696985
0.98235438
0.93286309
0.95117842
0.95555526
0.96497582
0.96666393
0.97155858
0.96921309
0.95553095
0.96886388
0.98444707
0.96592396
0.96666393
1.0172693
0.9602407
1.0160784
1.0248774
1.0337213
0.95564441
0.9667066
1.0203009
0.96471995
0.95959251
0.9602407
0.96490752
1.034836
0.86679847
0.92522539
0.90929906
0.96548115
0.92467731
0.97664686
0.96991826
0.9602407
0.95701477
0.97192693
0.98256288
0.97174798
0.96724116
0.65431179
0.96546521
0.96562961
0.97054736
0.96642077
0.95555526
0.95555526
0.95555526
0.97353068
0.9602407
0.95119659
0.97277378
0.96666393
0.94219644
0.94219644
0.95988506
0.95119659
0.95555526
0.95555526
0.95555526
0.9579197
0.95555526
0.95555526
0.95555526
0.95555526
0.95555526
0.95555526
0.97053836
0.97053836
0.97053836
0.97053836
0.97053836
0.97053836
0.97053836
0.99065401
0.98954383
0.96403548
0.95123399
0.95803776
0.95330724
0.94712528
0.9482051
0.95526328
0.96935342
0.96277244
0.95437025
0.98227293
0.94994098
0.96666393
0.95563392
0.95569914
0.96562961
0.96557959
0.9602407
0.99809235
0.97054736
0.98299819
1.0015999
0.95555526
0.95555526
0.95555526
0.95555526
0.9602407
0.97037379
0.95977023
0.95555526
0.95555526
0.96796472
0.96562961
0.97265088
0.9602407
0.9602407
0.9602407
0.97054736
0.9602407
0.88292254
0.75766852
1.0212225
0.97054736
0.76030407
0.95562212
0.9602407
0.99999998
0.96864145
0.9602144
0.95775564
0.95555526
0.96864145
0.9602144
0.9596637
0.96044069
0.95555526
0.95555526
0.95555526
0.95555526
0.95555526
0.95555526
0.95555526
0.95555526
0.95569419
0.96497582
0.9602407
0.97215315
0.96649757
1.0497935
1.0554131
0.95566972
0.95562212
0.9602407
1.0341895
1.0399316
0.96872401
0.94392059
1.0815416
0.94392059
0.94381831
0.97205631
0.96872401
0.9665738
0.98074054
0.96872401
1.0336444
0.96529958
1.077815
0.96253508
0.98314031
0.90401616
0.88454569
0.98254506
0.8995339
0.97399105
0.95827535
0.97378419
0.84270327
0.88839801
0.9801176
0.98428771
0.96666393
0.97024985
0.96872401
0.9665738
0.96872401
0.94432555
0.94047828
0.9602407
0.96674965
0.96095608
1.0228507
0.95555526
0.96148204
0.96591956
0.94802599
0.99141975
0.9602407
0.98986586
1.0468763
1.0428277
0.95885183
0.964474
0.96438951
0.96488328
0.96235021
0.96513203
0.95847234
0.96592299
0.96438888
0.94938187
1.0389253
0.98173898
0.98436705
0.98355575
0.9602407
0.9602407
1.0451993
0.95509776
0.98121796
0.9602407
0.99181835
0.95555526
0.96626677
0.9602407
0.95432628
0.95731209
0.95555526
0.95555526
0.95895871
1.0016305
0.96908147
1.030456
0.96183036
0.97070636
1.0013953
0.96433634
0.9602407
0.96440375
0.97508328
0.9602407
1.0622838
0.9602407
0.95563392
0.96569471
0.95582271
0.9602407
0.96461905
0.95582271
0.98155788
0.94839201
0.95557583
0.96510235
0.99602623
0.9625679
0.96117315
0.96130873
0.96599283
0.96908397
1.0286035
0.9602407
1.0623753
1.043594
1.0642524
0.9528439
1.0186374
0.95564441
0.96468055
0.95564441
0.9602407
0.96461905
0.94355907
0.95923992
0.96334161
0.96674965
0.95688804
0.9602407
0.95555526
0.95562212
1.0184473
0.9602407
0.95563392
0.95560875
0.95560875
0.95562212
0.951505
0.95560875
0.97208164
0.951505
0.96666393
0.9602407
0.97512547
1.0287284
1.0222927
0.9602407
1.0264594
1.0235003
1.0198988
1.0220108
1.0307505
0.96063997
1.0252661
1.0346537
0.9602407
0.96674965
0.97205228
0.93828622
1.0718123
0.95562212
1.0037524
1.020485
1.0123026
1.0322645
0.96916959
0.96666393
0.98428771
0.96666393
0.9420895
0.9420895
0.96085426
0.9506492
0.96754941
0.95964794
0.95964794
0.96245232
0.95287882
0.95273863
0.97486181
0.9602407
0.96569471
0.9602407
0.97053836
0.9602407
0.96595815
0.96440375
0.9875889
0.96366823
0.9602407
0.96666393
0.96302147
0.97444317
0.96035257
0.95867655
0.97070883
0.96791768
0.97070883
0.94307044
0.94307044
0.96982227
0.96872401
0.96666393
0.95557583
0.98241233
1.0226858
1.0389514
1.0353142
1.0137994
0.9602407
1.0363369
0.95562212
0.95555526
1.0243979
0.95564441
0.90437776
0.98431769
0.95555526
0.95335325
1
0.97054736
0.9602407
0.98041063
1.0408427
0.95563392
0.97054736
0.9602407
0.9790804
0.97664686
0.9790804
0.9790804
0.9790804
0.9790804
0.9790804
0.9790804
0.96367743
0.9602407
0.99392626
0.95555526
0.84881974
0.95555526
0.95555526
0.95555526
0.95555526
0.95555526
0.95555526
0.95555526
0.95555526
0.95555526
0.95555526
0.9602407
0.95064077
0.9865755
0.9632873
0.95330728
0.9577384
0.94910129
0.96276763
0.95955424
0.95955424
0.96323302
0.95555526
0.95555526
0.95555526
0.95555526
0.94809166
0.95555526
0.95555526
0.95555526
0.9602407
0.95064077
1.0005196
0.93909957
0.93909957
0.97523339
0.95569771
0.96666393
0.98428771
0.94848746
0.96666393
0.98340651
0.96285261
0.95941806
0.95859075
0.96791768
0.97070883
1.027743
1.0449222
0.97789876
0.94961624
0.9602407
0.95775386
0.95335325
1.0010101
0.96305912
1.0366979
0.95555526
0.95335325
0.99957043
0.9602407
0.95562212
0.9602407
0.74319079
0.95957387
0.85814542
0.96872401
0.96872401
0.98113417
0.96666393
0.96194413
0.95889477
0.9726999
0.9602407
0.97054736
0.96562961
0.96432506
0.96497582
0.95781156
0.9602407
0.97470059
0.97463176
0.97481358
0.97596971
0.97070883
0.95555526
0.95555526
0.95555526
0.95555526
0.9680285
0.98251671
0.96666393
0.95555526
0.97664686
0.9602407
0.98080929
0.95555526
0.95555526
0.95555526
0.95555526
0.95844573
0.94746732
0.99766232
0.9602407
0.9891286
0.98985874
0.9680279
0.47101808
0.42694496
0.9602407
0.95701588
0.54903663
0.96544949
0.95086128
0.95555526
0.96486032
0.96626677
0.9602407
0.95086128
0.95444659
0.95444659
0.94806621
0.97053836
0.94746732
0.97132776
0.95904966
0.9602407
0.95555526
0.95555526
0.95555526
0.95555526
0.95555526
0.95555526
0.95555526
0.95555526
0.95555526
1.0301589
0.96983262
1.0259163
0.9602407
0.96584265
0.9627381
0.9602407
0.97054736
0.95555526
0.95555526
0.95555526
0.95555526
0.95555526
0.95555526
0.87869367
0.95555526
0.96665052
0.95555526
0.95166666
0.98632291
0.94654545
1.0348696
0.95454769
0.95078011
0.66645228
0.78347663
0.95562212
0.94894917
0.9506492
0.9602407
0.96529144
0.9641582
0.96674965
1.0429468
0.94049316
1.0228297
0.9633141
0.9602407
0.95562212
1.0175481
0.97054736
1.0309618
0.76445398
0.94670183
0.96666393
0.98119508
0.96035257
0.87960188
0.97070883
0.96791768
0.97070883
0.97054736
0.95555526
1.1255416
0.96407136
0.96714822
0.94917418
0.95099951
0.95582271
0.97795935
0.97240678
0.95314087
1.0446138
0.95560875
0.96845474
0.5546051
0.97699445
0.9741074
0.97163872
0.96964961
0.97587686
0.97511834
0.96824042
0.94992741
0.97147314
0.97642532
0.96614969
0.96546242
0.96720621
0.96791768
0.97096048
0.96880691
0.96576289
0.97135128
0.95258571
0.97360576
0.9602407
0.96665052
0.95562212
0.9556574
0.95696839
0.95562212
0.95009366
0.9602407
0.95463437
0.95731213
1.0162401
0.95906881
0.96333924
0.96116284
0.96965824
0.95555526
0.96871909
0.96666393
0.95555526
0.95555526
0.95555526
0.95555526
0.95555526
0.95555526
0.95555526
1.0822954
1.0605111
1.0686037
0.97079042
0.96912008
0.9602407
0.96428513
0.96566101
0.96889743
0.96839925
0.97022951
0.97130465
0.96670418
0.98032915
0.95555526
0.95555526
0.95555526
0.97606757
0.96539416
0.94814391
0.95889251
0.94047828
1.0481624
0.95569419
0.96440375
0.95696999
0.9602407
0.9602407
0.9641582
0.96529144
0.95555526
0.95555526
0.9468246
0.9468246
0.94746732
0.99072688
0.95555526
0.96634507
0.95555526
0.95973849
0.95555526
0.95555526
0.96916959
0.958589
0.97071553
0.96666393
0.95888305
0.95824321
0.9602407
0.95555526
0.95681702
0.95555526
0.95555526
0.95555526
0.95555526
0.9602407
0.95555526
0.95555526
0.95555526
0.97054736
0.9602407
0.95555526
0.95555526
0.95555526
0.95555526
0.95555526
0.95555526
0.95555526
0.95555526
0.95555526
0.95555526
0.95555526
0.95555526
0.95555526
0.95555526
0.9602407
0.96793487
0.9306633
0.95792184
0.91850407
0.96467641
0.95681702
0.9602407
1.0309673
1.0309673
1.0325819
1.0313545
0.95135491
0.9497028
1.034618
1.038958
0.9497028
0.9497028
0.95135491
0.95135491
0.95135491
0.95135491
0.95135491
0.95135491
0.9665738
0.96872401
0.98355784
0.96872401
0.9426831
0.9426831
0.94466447
0.94167236
1.0344379
0.9426831
0.98355784
0.98080929
0.95555526
0.96634507
0.95553911
0.9602407
0.95509776
0.9602407
0.96665052
0.9836488
0.9602407
0.85740291
0.96800288
0.79502182
0.78527631
0.95553911
0.82265241
0.9720875
0.96634507
0.9602407
0.95555526
0.96319659
0.97284915
0.97054736
0.95555526
0.95555526
0.9602407
0.95555526
1.0063857
0.98237053
0.95555526
0.95555526
0.95555526
0.95555526
0.97418952
0.83685737
0.98972878
0.9792843
0.95555526
0.95555526
0.95555526
0.97166389
0.95555526
0.95555526
0.95555526
0.96586138
0.95555526
0.95555526
0.97070883
0.96674965
0.93945532
0.95564441
0.9602407
0.95555526
0.95555526
0.95555526
0.95555526
0.96304032
0.99342349
0.9602407
0.95555526
0.95555526
0.95555526
0.95555526
0.9602407
0.95555526
0.95555526
0.96631258
0.95555526
0.95555526
0.95555526
0.95555526
1.1256527
0.97054736
0.96587394
0.9602407
0.97349574
1.0953343
0.9602407
1.0696306
0.9602407
0.95555526
0.95555526
0.95555526
0.95555526
0.97664686
0.95555526
0.9602407
0.95098116
0.9468246
0.97109296
0.95555526
0.95555526
0.95555526
0.95555526
0.95555526
0.768078
0.95555526
1.0979454
0.95555526
0.95555526
0.95562212
0.95562212
0.97054736
0.98834724
0.95560875
0.95560875
0.95560875
0.95560875
0.97001315
0.97001315
0.97841916
0.97102675
0.9602407
0.97399105
0.95562212
0.98705905
0.98314031
0.97790979
0.98705905
0.98136249
0.98314031
0.9602407
0.97054736
0.95555526
0.83423786
0.9602407
0.97902488
0.94766282
0.96666393
0.9602407
0.99245118
0.9602407
0.95555526
0.95555526
0.96432599
0.96509595
0.96509595
0.96790781
0.94883548
0.97118756
0.9602407
0.95555526
0.96623378
0.95313991
0.96812319
1.0161478
0.97576887
0.97576887
0.96509344
0.96033724
0.964034
0.95152809
0.97790979
0.97790979
0.96138994
0.98829995
0.98314031
0.98136249
0.97851717
0.98314031
0.9602407
0.96440375
0.96569471
0.9602407
0.96902886
0.9602407
0.95555526
0.9602407
0.97284915
0.99761051
1.0051667
0.97560857
0.97560857
0.9760469
1.0508002
0.98378445
0.9760469
0.9602407
0.95555526
0.95555526
0.95555526
0.95555526
0.95555526
0.95555526
0.95555526
0.95555526
0.95555526
0.67791916
0.99579759
0.9602407
0.95555526
0.9602407
0.97426153
0.96497582
0.9602407
0.94672967
0.96674965
0.98282387
0.9655486
0.9602407
0.94049323
0.95879755
0.94500345
0.95673439
0.9602407
0.96334161
0.9602407
0.97284915
0.96336222
0.96674965
0.9602407
0.95555526
1
0.95555526
0.95555526
0.95555526
0.95555526
0.95555526
0.95555526
0.95555526
0.95555526
0.95555526
0.95555526
0.95555526
0.95555526
0.95699898
0.95522721
0.95555526
0.95555526
0.95555526
0.95555526
0.97940959
0.97940959
0.95793021
0.96978256
0.96550495
0.96571543
0.96949173
0.97025551
0.9602407
0.97265088
0.96623378
0.95781156
0.96185954
0.96664499
0.96664499
0.96666393
0.95135491
0.97313329
0.95135491
0.95135491
0.95135491
0.95135491
0.95135491
0.95781156
0.9497028
0.95135491
0.9703929
0.95969765
0.95562212
1.0532378
0.95921174
0.96430186
0.94392059
0.93699248
0.96250078
0.95518062
0.96409223
0.96326595
0.95555526
0.93945532
0.9468246
0.94982748
1.1008829
0.9426831
0.94707998
1.0269951
0.94376176
0.95555526
0.95555526
0.95555526
0.95555526
0.94049316
0.94746732
0.96872401
0.98286446
0.96872401
0.9665738
0.96872401
0.9665738
0.94049316
0.94746732
0.95847777
0.97470554
0.97054736
0.9602407
0.95562212
0.95555526
0.95555526
0.95555526
0.96550844
0.95555526
0.9602407
0.9602407
0.92561946
0.97023666
1.0261592
0.9127425
0.96462664
0.96553898
0.9556538
0.9602407
0.9602407
1.0452856
0.96912008
1.0197938
1.0495226
0.96674965
0.96095608
0.95560875
0.95555526
0.97028277
0.9662341
0.98851475
0.9602407
0.98131877
0.95555526
0.98012558
0.97951801
0.98056889
0.98922721
0.98131877
0.98131877
0.95555526
0.96562961
0.95555526
0.95555526
0.95569419
0.95555526
0.9602407
0.96458734
0.87869367
0.96264335
0.94763199
0.9602407
0.97284915
0.95373207
0.93909957
0.93828622
0.95088546
0.94943142
0.96666393
0.98428771
0.96688849
0.98133192
1.0458725
0.88087228
0.9602407
0.86487643
0.97670895
0.9665738
0.9602407
0.96872401
0.95555526
0.96095608
0.9851196
0.95555526
0.95842683
0.96875485
0.96871545
0.95555526
0.96036974
0.95336191
0.9602407
0.9602407
0.96621648
0.95117701
0.9602407
0.95562212
0.9602407
0.9602407
0.9602407
0.96674965
0.89265192
0.95569419
0.96701859
0.95258571
0.96497582
0.9602407
0.95555526
0.95563392
0.95555526
0.95555526
0.95555526
0.95555526
0.9602407
0.99012794
0.95555526
0.95564441
1.0464777
1.0175157
1.0222579
1.0287346
1.0264896
0.96872401
0.96933768
0.96872401
0.96872401
0.98041121
0.96871233
0.98198109
0.97696499
0.96114705
0.96666393
0.9602407
0.95562212
0.9602407
0.95688804
0.97576887
0.97576887
0.95509776
0.96264073
0.96394094
0.79487034
0.95562212
0.84881974
0.97576887
0.97576887
1.0076411
0.99664799
1.0158118
0.87037312
1.0145492
1.0132242
1.0171715
0.95555526
0.9602407
0.95562212
0.95555526
1.0107661
0.9602407
0.98851475
0.95555526
0.95555526
0.95555526
0.95555526
0.95555526
0.95555526
0.95555526
0.95555526
0.95555526
0.95555526
0.95555526
0.9602407
0.99572694
0.97023666
0.95555526
0.95555526
0.95555526
0.95555526
0.95555526
0.95555526
0.95555526
0.95555526
0.95555526
0.95555526
0.9602407
1.0855457
0.95562212
1.0646049
1.0729997
1.0560782
1.0658991
1.0364628
1.051493
0.9805777
0.95977023
0.9602407
0.95555526
0.96562961
0.95509776
0.9602407
0.95509776
0.67791916
0.964034
0.9602407
0.9602407
0.95562212
0.97221323
0.97399105
0.97399105
0.97399105
0.97399105
0.95781697
0.96674965
0.94923456
1.031976
0.96793487
0.9602407
0.9602407
0.97371419
0.97842873
0.96599193
1.0748822
0.95854423
0.9722659
0.95555526
0.97349237
0.97568981
0.97563464
0.96666393
0.98141177
0.97517331
0.95555526
0.95555526
0.95555526
0.95555526
0.96791768
0.97070883
0.95555526
0.95555526
0.93828622
0.94355907
0.94802434
0.95555526
0.95555526
0.95555526
0.95555526
0.95555526
0.9602407
0.96529144
0.98667166
0.95555526
0.95555526
0.9602407
0.96666393
0.97137833
0.95135491
0.95135491
0.95555526
0.96872401
0.97888947
0.96872401
0.9665738
0.96791768
0.95135491
0.96791768
0.96600795
0.96613579
0.9602407
0.96674965
0.96666393
0.93704116
0.98015487
0.9602407
0.96334161
0.95560875
0.95795363
0.9859345
0.98151597
0.9602407
0.97664686
0.9611469
0.96435032
0.9602407
0.96468055
0.95555526
0.97319274
0.8561205
0.97355234
0.95487456
0.96528824
0.9426831
0.96688849
0.93742725
0.96058979
0.95445662
0.94248448
0.94773996
0.95878164
0.9600804
0.97184113
0.9760469
0.9602407
0.96885185
0.97070883
0.94629059
0.96866267
0.97334573
0.9475429
0.96073133
0.96539308
0.97614446
0.96537688
0.99813861
0.95555526
0.96665761
0.91942471
0.9602407
1.0037799
0.96666393
0.97513059
0.96238549
0.97664686
0.9602407
0.95555526
0.95555526
0.96440375
0.95555526
0.95555526
1.0088552
0.95555526
0.97284915
0.95555526
0.95555526
0.9602407
0.96793487
0.9602407
0.9602407
0.97664686
0.95555526
0.98304227
0.9602407
0.96270408
0.96023146
0.97300211
0.96588809
0.9683709
0.96349059
0.96378565
0.96666393
0.95757758
0.97921987
0.95555526
0.95555526
0.95555526
0.95555526
0.96050842
0.95555526
0.95555526
0.95555526
0.97894008
0.95555526
0.95555526
0.97284915
0.9602407
0.96440375
0.95555526
0.97284915
0.76413907
0.92373392
1.0203311
1.0226994
1.0189436
0.96123227
0.96319659
0.97024441
0.95713091
0.95558942
0.95555526
0.95446945
0.96319659
0.9584268
0.95320927
0.97369945
0.97699445
0.96319659
0.96936322
0.96936322
0.96604696
0.96766453
0.9712943
0.96600795
0.96720621
0.95922537
0.9602407
0.96674965
0.96236924
0.97054736
0.95555526
0.95555526
1.0160784
1.0192043
0.9602407
0.9602407
0.9602407
0.98307237
0.9748232
0.96497582
0.9602407
0.9602407
0.96440375
1.0248072
0.95569419
0.95564441
1.0307321
1.0665619
1.0499444
1.0439596
1.0469597
0.97237651
1.0271649
0.96983262
1.0637711
1.0501748
0.9602407
0.95258571
0.95258571
0.95314087
0.5546051
0.9602407
0.95487074
0.98343244
0.95701477
0.95433868
0.9602407
0.97054736
0.96299006
0.98155797
0.96992222
0.9602407
0.96591956
0.96791768
0.97070883
0.9468246
0.93909957
0.96666393
0.98428771
0.97070883
0.97300636
0.93909957
0.94049316
0.96333072
0.96017908
0.95555526
0.95555526
0.9602407
0.95563392
0.95555526
0.95555526
0.95555526
0.95555526
0.95555526
0.96633633
0.96666393
0.95555526
0.96027484
0.97534216
1.0716165
0.95555526
0.95555526
1.032599
0.95555526
0.95555526
0.95562212
0.95555526
0.9602407
0.95013822
0.96842063
0.96400937
0.9736357
0.9602407
0.9602407
0.96500266
1.0330549
0.97054736
0.99437405
0.96280055
0.95555526
0.96800288
0.97950873
0.94917418
1.0190204
0.95582271
1.0656456
0.95555526
1.051215
1.0579983
0.88075888
1.0432449
0.96148575
0.96383908
0.95555526
0.95555526
0.95569914
0.95317426
0.95555526
0.95555526
0.95555526
0.95346424
1.0140829
0.96291084
0.96952607
0.95757758
0.95555526
0.95555526
0.95582271
0.97820082
0.97215315
0.95555526
0.95569419
0.95555526
0.95555526
0.96440375
0.95555526
0.97215315
0.95555526
0.95555526
1.0118474
1.1337797
0.9602407
0.95555526
0.9602407
0.99167565
0.95555526
0.95335325
0.9602407
0.99809235
0.9602407
0.97054736
0.97054736
0.91277101
0.96278114
0.97054736
0.9695578
0.96004867
0.9836825
0.95562212
0.97986185
0.9602407
0.97951801
0.98207014
0.94746732
0.96872401
0.94466447
0.96872401
0.9665738
0.96872401
0.9665738
0.96872401
0.97029761
0.93945532
0.96682845
0.94672967
0.95533993
0.93909957
0.95569419
0.93909957
0.95555526
0.95555526
0.95555526
0.9468246
0.95555526
0.95555526
0.95555526
0.95555526
0.96400342
0.95555526
0.95555526
0.93909957
