0.72403742
0.70783287
0.74169019
0.73721255
0.70783287
0.74169019
0.76861717
0.74242055
0.78991769
0.6889781
0.753238
0.73376793
0.73322173
0.74667549
0.80143147
0.73908901
0.76236758
0.76946161
0.73464829
0.74347674
0.77759869
0.76126298
0.7613691
0.76489892
0.6889781
0.81664523
0.70783287
0.70781942
0.70783287
0.74069603
0.72247801
0.71233186
0.76352454
-1.0003313
0.72547946
0.7239048
0.73255102
0.73714405
0.76087737
0.7591795
0.35583898
0.37232628
0.70787324
0.70786223
0.77014014
0.78114989
0.75320592
0.77403939
0.71301803
0.80010873
0.72977692
0.6889781
0.78953387
0.72985484
0.71565055
0.72875422
0.73908927
0.6889781
0.71069099
0.729382
0.774904
0.72197064
0.73030692
0.70780718
0.74074369
0.73635056
0.72975238
0.76894898
0.81685744
0.73084539
0.70781588
0.74002189
0.72201347
0.70780718
0.75702849
0.78103802
0.70803816
0.71214359
0.74231553
0.6889781
0.72102778
0.73379064
0.6889781
0.73064825
0.78000848
0.78405211
0.78650783
0.6889781
0.71528698
0.71528698
0.71809829
0.73239119
0.7405235
0.72475822
0.71528698
0.76004051
0.78961895
0.77967577
0.71528698
0.71528698
0.81770798
0.75899175
0.70783287
0.70781942
0.72773687
0.73763173
0.71283716
0.73834315
0.6889781
0.6889781
0.75764728
0.7208161
0.70784529
0.72337936
0.78668609
0.72329469
0.75090567
0.70783287
0.70781942
0.72475822
0.72550011
0.71477295
0.72475822
0.72475822
0.72197064
0.72197064
0.72197064
0.72197064
0.72197064
0.72197064
0.70781942
0.70783287
0.74069603
0.70783287
0.71247394
0.71247394
0.73441748
0.71283716
0.70782783
0.71247394
0.74069603
0.74004571
0.70783287
0.81628158
0.72503099
0.7239048
0.71376171
0.74156298
0.71049004
0.6889781
0.73859206
0.77297694
0.94832282
0.71376171
0.74748256
0.75410291
0.72072866
0.72202506
0.72881487
0.75072563
0.71598298
0.79265464
0.81358769
0.73478073
0.7128107
0.74646903
0.72489827
1
0.70782783
0.74069603
0.71801371
0.71926689
0.71926689
0.72881487
0.70785305
0.71376171
0.70782783
0.71202654
0.6889781
0.94832282
0.75961377
0.71202654
0.7390391
0.72790429
0.70784529
0.71326091
0.6889781
0.72002245
0.79739208
0.72505857
0.70784529
0.71247394
0.71922629
0.75438708
0.71376171
0.72078449
0.7258302
0.70820106
0.71617711
0.71376171
0.72843715
0.7348764
0.94832282
0.71326091
0.73089679
0.6889781
0.76430616
0.72186046
0.70780718
0.71207294
0.75624011
0.7735123
0.70781588
0.71677889
0.82007202
0.73031271
0.73031271
0.73230098
0.7152664
0.72899352
0.72830964
0.73569991
0.72376796
0.73775155
0.76357298
0.70784529
0.74069603
0.72580678
0.32637399
0.71493672
0.84546816
0.71565055
0.74141668
0.70784529
0.72638983
0.80650079
0.70803816
0.7573842
0.70783287
0.6889781
0.74479308
0.72222541
0.74242055
0.6889781
1
1
0.72565527
1.0174975
1.0186266
1.0174975
0.70781942
0.73599831
0.73599831
0.79600467
0.73716715
0.73834315
0.7176815
0.72182009
0.80979471
0.7239048
0.6889781
0.82911102
0.73112493
0.74859265
0.72197064
0.73785319
0.74772586
0.73156196
0.7546137
0.6889781
0.70783287
0.74156298
0.73917395
0.6889781
0.6889781
0.73598073
0.73146736
0.73597851
0.72197064
0.74790218
0.72331998
0.72351208
0.6889781
0.6889781
0.75861255
0.76838895
0.76838895
0.73990983
0.77814186
0.70780058
0.74597312
0.78603407
0.72776042
0.82109226
0.71486017
0.72776042
0.75175541
0.89521123
0.78056686
0.73613743
1.0174975
1
0.92163577
0.72403742
0.73851378
0.72301959
0.89547658
0.7221215
0.6889781
0.72403742
0.93429058
0.96075422
0.74990034
0.73763173
0.73987243
0.79859342
0.6889781
0.72942718
0.73055512
0.74180246
0.71283716
0.73055512
0.78827268
0.72029995
0.72106308
0.74375371
0.73820213
0.6889781
0.75927973
0.70782337
0.72521786
0.74990034
0.73879135
0.6889781
0.70780718
0.7482918
0.6889781
0.73861543
0.72403742
0.7362515
0.74242055
0.74347674
0.73808216
0.73886583
0.73743155
0.736734
0.73335763
0.72640456
0.7239048
0.78565433
0.70823847
0.74722459
0.7463147
0.72630636
0.71112695
0.74344136
0.70828268
0.72247801
0.6889781
0.71400748
0.70784529
0.71185082
0.71185082
0.70784529
0.71147469
0.71124203
0.72997969
0.78666638
0.72565818
-1.0003313
0.73938938
0.6889781
0.72879545
0.71287549
0.70783287
0.70783287
0.73139235
0.7390391
0.77286256
0.70779426
0.80394567
0.70783287
0.70787324
0.76889505
0.74409319
0.7377812
0.70782337
0.70784529
0.73096662
0.70781942
0.70783287
0.74970538
0.73503209
0.71695723
0.75171947
0.75357022
0.6889781
0.75943352
0.72310835
0.78229107
0.7237544
0.80141325
0.74958749
1
0.6889781
0.70783287
0.7221215
0.71795304
0.7267633
0.72585568
0.74322141
0.70786223
0.72734643
0.70780766
0.7208972
0.6889781
0.72037872
0.72037872
0.71932609
0.72513256
0.72050721
0.6889781
0.73779337
0.73136498
0.6889781
0.71617711
0.73692805
0.73406173
-1.0003313
0.6889781
0.71147469
0.71164099
0.74496343
0.74496343
0.6889781
0.753238
0.73402036
0.70825563
0.70781588
0.72197064
0.72197064
0.72197064
0.71147469
0.72429957
0.72429957
0.72160901
0.70787324
0.87566888
0.70786223
0.77151409
0.7273759
0.72281204
0.72103805
0.76339139
0.72186842
0.72280951
0.75702849
0.72659923
0.73513366
0.7273759
0.72533487
0.6889781
0.70783287
0.81353625
0.8387273
0.75920485
0.74673154
0.82516609
0.77772588
0.77337931
0.83649728
0.72475822
0.72027955
0.71326091
0.7208957
0.84026605
0.70783287
0.73987243
0.70783287
0.73148622
0.6889781
0.70781942
0.753238
0.73402036
0.70781942
0.71528698
0.738734
0.71528698
0.71528698
0.77004557
0.72656106
0.73061946
1.0162216
0.70783287
0.75262909
1
0.72132934
0.70781942
0.75499557
0.74054915
0.70783287
0.71997935
0.70783287
0.71326091
0.71049004
0.73695265
0.6889781
0.7208957
0.98017408
1.0111666
1
0.97011438
0.70784529
0.6889781
0.74169446
0.72566675
0.72654284
0.72035814
0.78491282
0.81278148
0.71617711
0.73762846
0.70782783
0.73716715
0.72403742
0.75297414
0.72435805
0.72435805
0.71617711
0.71188372
0.72247132
0.72118104
0.71326091
0.71326091
0.72379563
0.74747751
0.71988685
0.71856636
0.71840829
0.75840894
0.73597029
0.73791706
0.72301959
0.73331718
0.72188365
0.73239685
0.72554402
0.72339045
0.6889781
0.73246046
0.75216853
0.6889781
0.72632648
0.70784529
0.72359708
0.71617711
0.70780058
0.70782783
0.71376171
0.72099481
0.72521786
0.72060894
0.73727239
0.6889781
0.74156298
0.74990034
0.61599121
0.73682461
0.72654284
0.74302629
0.70783287
0.72125731
0.73987243
0.84922849
0.72736454
0.70784529
0.71477295
0.7171604
0.71817948
0.71617711
0.71913601
0.71582526
0.71528698
0.71528698
0.71528698
0.71528698
0.71921515
0.71528698
0.71528698
0.71528698
0.74069603
0.74156298
0.72256175
0.72457039
0.72947024
0.82028353
0.82816312
1.0111666
0.71185082
0.76952445
0.73760872
0.72605031
0.75792738
0.72491023
0.7239048
0.71617711
0.73176511
0.74815711
0.72554974
0.73560727
0.74575789
0.6889781
0.72351208
0.70783287
0.70783287
0.75141069
0.75592083
0.72403742
0.79599892
0.720694
0.70783287
0.74927566
0.70783287
0.70783287
0.7077898
0.76083704
0.73174319
0.70781322
0.81714999
0.7227168
0.76103566
0.77772541
0.73716715
0.70787324
0.74409319
0.74468451
0.73060226
0.79033808
0.84735524
0.76379953
0.753238
0.73692805
0.76801976
0.6889781
0.73987243
0.74156298
0.6889781
0.70783287
0.72403742
0.70783287
0.70781942
0.7208972
0.71665906
0.71161426
0.71188372
0.71933947
0.75576024
0.74877844
0.70786223
0.71665906
0.71326091
0.76935729
0.73103672
0.73644445
0.73220489
0.72838868
0.7221215
0.73173498
0.7313522
0.74440297
0.73048214
0.73415899
0.75465673
0.73258126
0.73039604
0.70783287
0.70781942
0.76537365
0.79199435
0.72640456
0.74344136
0.70781942
0.70783287
0.73987243
0.71202654
0.72425241
0.72425241
0.74440717
0.73438826
0.6889781
0.72520065
0.70780718
0.70779426
0.70780718
0.70779426
0.70781588
0.70780718
0.7734009
0.77015246
0.92426374
0.72776658
0.72293588
0.71774408
0.82268989
0.71673302
0.83563645
0.70820106
0.73579114
0.73208352
0.72410181
0.6103629
0.71242335
0.73976267
0.7317399
0.71791012
0.76236937
0.7395852
0.71301803
0.70781588
0.76902708
0.6889781
0.73850994
0.70784529
0.70783287
0.70784529
0.76139143
0.75492549
0.73408633
0.80751201
0.70780718
0.70784529
0.83812899
0.83938688
0.78372392
0.70782337
0.70781942
0.78013828
0.75303505
0.72773234
0.72773234
0.70783287
0.70780718
0.70783287
0.74069603
0.71049004
0.72250592
0.73435464
-1.0003313
0.76838556
0.71491388
0.71633597
0.6889781
0.74266429
0.74518943
0.71772838
0.71639675
0.70782783
0.74156298
0.70781588
0.82109226
0.81389353
0.82126395
0.80889829
0.70857915
0.70782783
0.77475445
0.72822782
1
0.73416399
0.74521133
0.71376171
0.72959517
0.70782783
0.71617711
0.7239048
0.75655257
0.72072196
0.78544239
0.72197064
0.72197064
0.73320741
0.71175884
0.70783287
0.73580839
0.70783287
0.70781942
0.70782783
0.72197064
0.70782783
0.70781588
0.73111582
0.70784529
0.70782337
1.0001396
0.70783287
0.70782783
0.88947094
0.70783287
0.71400748
0.73702426
0.6889781
0.70783287
0.71376171
0.71519145
0.72190674
0.70783864
0.74169019
0.71376171
0.71376171
0.7622871
0.73659679
0.72595582
0.71688624
0.72417886
0.7308388
0.72190111
0.72085272
0.72583977
0.85925756
0.72565
0.86040138
0.73642424
0.72735732
0.6889781
0.72435805
0.72698955
0.74897369
0.79599892
0.72977961
0.70787324
0.70784529
0.75206657
0.71830419
0.70782337
0.71897044
0.74208459
0.79872061
0.77305316
0.80924447
0.71283716
0.72099481
0.73654562
0.6889781
0.74156298
0.74980992
0.72654284
0.6889781
0.76788714
0.73280669
0.6889781
0.7546137
0.71484056
0.70783287
0.77670262
0.71384031
0.72638983
0.90051371
0.96138637
0.74060384
0.73698318
0.6889781
0.8703195
0.75809617
0.6889781
0.87624424
0.72638983
0.93425809
0.97011438
0.6889781
0.71049004
0.71418784
0.71951774
0.7216406
0.75495263
0.74643778
0.70781588
0.70781588
0.72403742
0.71580097
0.6889781
0.74156298
0.74990034
0.73763173
0.75314059
0.73206046
0.70808216
0.73689568
0.73716715
0.73742845
0.73552745
0.72348405
0.72527636
0.74390054
0.72435805
0.6889781
0.753238
0.72855794
0.72833528
0.74015114
0.74210558
0.74156298
0.6889781
0.71617711
0.75195154
1
0.72062424
0.6889781
0.73350658
0.75083776
0.71561664
0.7171604
0.70783287
0.72520065
0.72444098
0.72738819
0.72520065
0.77458903
0.6889781
0.7320627
0.7587684
0.72603113
0.76749061
0.71376171
0.71381997
0.83495984
0.73218391
0.71299883
0.71376171
0.6889781
0.70780718
0.74990034
0.76294057
0.71939871
0.70816899
0.73900237
0.6889781
0.74069603
0.71283716
-1.0003313
0.70780718
0.72776658
0.72250592
0.70779912
0.72202999
0.71611353
0.72776658
0.73246209
0.71786469
0.72501675
0.71849333
0.6889781
0.71528698
0.71528698
0.71528698
0.71528698
0.71528698
0.71528698
0.71528698
0.71528698
0.71528698
0.71528698
0.73955702
1
0.8012176
0.6889781
0.76374346
0.74497751
0.74446218
0.7588384
0.7314077
0.74345464
0.72197064
0.71231149
0.76617211
0.71376171
0.74588879
0.72084918
0.73503069
0.6889781
0.78766212
0.73415021
0.70782783
0.6889781
0.72601066
0.74235599
0.74040331
0.70784529
0.70782783
0.70784529
0.70823847
0.75438708
0.7677688
0.73695265
0.75869531
0.71215916
1.026235
0.71818718
1.0501222
0.94832282
1.0145303
0.70781942
0.71818718
0.78187003
0.75157572
0.71247394
0.74181421
0.75398515
0.77142657
0.76063999
0.70782783
0.70784529
0.72190674
0.71376171
0.74156298
0.74156298
0.70784529
0.71283716
0.71376171
0.86982639
0.6889781
0.72197064
0.6889781
0.73096662
0.73477718
0.73613342
0.72866556
0.73236925
0.74747751
0.74747751
0.74747751
0.7270964
0.6889781
0.71376171
1.0001396
0.74456325
0.71376171
0.72077517
0.71356357
0.72116615
0.72197064
0.74502085
0.72561609
0.7528686
0.72352952
0.75438708
0.71898702
0.75817471
0.70781588
0.70780718
0.71582076
0.72520065
0.74471777
0.75113267
0.75074591
0.73079054
0.73204702
0.76716097
0.72027955
0.72027955
0.73721255
0.73702426
0.6889781
0.72819577
0.72403742
0.77590208
0.72520065
0.71042519
0.73195995
0.6889781
0.72301959
0.6889781
0.7208957
0.72216497
0.71896914
0.80657211
0.80938569
0.72142645
0.72001946
0.70780718
0.72962518
0.73188145
0.72221586
0.74873568
0.73547447
0.72285661
0.70782783
0.70784529
0.77946537
0.70784529
0.71185082
0.71204738
1.0022069
0.92949758
0.77922944
0.6889781
0.74744435
0.78103802
0.9773817
0.70784529
0.70782783
0.70784529
0.71581312
0.70781588
0.78199617
0.75090148
0.76631169
0.6889781
0.72475822
0.72287348
0.73177715
0.71163828
0.72747046
0.81391244
0.71340626
0.72289175
0.71794168
0.72666209
0.71802417
0.71633597
0.72475822
0.70783287
0.6889781
0.7208957
0.70783287
0.74868204
0.70783287
0.70781942
0.70783287
0.70781942
0.70783287
0.75831433
0.72011196
0.73293409
0.7341428
0.73085634
0.73489543
0.75475229
0.71185082
0.7423597
0.72027955
0.74922206
0.72084918
0.71175884
0.71477295
0.72871937
0.72030488
0.72852343
0.76213725
0.76810652
0.78625955
0.7209567
0.75603417
0.78474216
0.70782337
0.70782783
0.70998651
0.73870852
0.77008234
0.75012377
0.71304056
0.74296547
0.6889781
0.71376171
1
0.75366363
0.71968727
0.71174058
1
0.81288247
0.71283716
0.71590533
0.71376171
